   4.1943204e-04
   7.1350371e-02
   1.4899111e-01
   2.3938651e-01
   3.4871458e-01
   4.8329018e-01
   6.4961651e-01
   8.5447794e-01
   1.1050648e+00
   1.4091168e+00
   1.7750642e+00
   2.2121321e+00
   2.7303476e+00
   3.3403445e+00
   4.0527900e+00
   4.8771550e+00
   5.8194364e+00
   6.8784241e+00
   8.0404789e+00
   9.2741689e+00
   1.0529046e+01
   1.1745844e+01
   1.2881881e+01
   1.3938876e+01
   1.4965077e+01
   1.6022725e+01
   1.7153830e+01
   1.8376648e+01
   1.9700287e+01
   2.1133378e+01
   2.2685989e+01
   2.4370311e+01
   2.6201724e+01
   2.8200780e+01
   3.0397173e+01
   3.2838137e+01
   3.5607759e+01
   3.8876838e+01
   4.3060053e+01
   4.9558798e+01
   8.0000000e+01
