   0.0000000e+00
   4.8000000e-01
   9.6000000e-01
   1.4400000e+00
   1.9200000e+00
   2.4000000e+00
   2.8800000e+00
   3.3600000e+00
   3.8400000e+00
   4.3200000e+00
   4.8000000e+00
   5.2800000e+00
   5.7600000e+00
   6.2400000e+00
   6.7200000e+00
   7.2000000e+00
   7.6800000e+00
   8.1600000e+00
   8.3400000e+00
   8.5200000e+00
   8.7000000e+00
   8.8800000e+00
   9.0600000e+00
   9.2400000e+00
   9.4200000e+00
   9.6000000e+00
   9.7800000e+00
   9.9600000e+00
   1.0140000e+01
   1.0320000e+01
   1.0500000e+01
   1.0680000e+01
   1.0860000e+01
   1.1040000e+01
   1.1220000e+01
   1.1400000e+01
   1.1580000e+01
   1.1760000e+01
   1.1940000e+01
   1.2120000e+01
   1.2300000e+01
   1.2480000e+01
   1.2660000e+01
   1.2840000e+01
   1.3020000e+01
   1.3200000e+01
   1.3380000e+01
   1.3560000e+01
   1.3740000e+01
   1.3920000e+01
   1.4100000e+01
   1.4280000e+01
   1.4460000e+01
   1.4640000e+01
   1.4820000e+01
   1.5000000e+01
   1.5180000e+01
   1.5360000e+01
   1.5540000e+01
   1.5720000e+01
   1.5900000e+01
   1.6080000e+01
   1.6260000e+01
   1.6440000e+01
   1.6620000e+01
   1.6800000e+01
   1.6980000e+01
   1.7160000e+01
   1.7340000e+01
   1.7520000e+01
   1.7700000e+01
   1.7880000e+01
   1.8060000e+01
   1.8240000e+01
   1.8420000e+01
   1.8600000e+01
   1.8780000e+01
   1.8960000e+01
   1.9140000e+01
