     1	      0
     2	    0.4800
     3	    0.9600
     4	    1.4400
     5	    1.9200
     6	    2.4000
     7	    2.8800
     8	    3.3600
     9	    3.8400
    10	    4.3200
    11	    4.8000
    12	    5.2800
    13	    5.7600
    14	    6.2400
    15	    6.7200
    16	    7.2000
    17	    7.6800
    18	    8.1600
    19	    8.6400
    20	    9.1200
    21	    9.6000
    22	   10.0800
    23	   10.5600
    24	   11.0400
    25	   11.5200
    26	   12.0000
    27	   12.4800
    28	   12.9600
    29	   13.4400
    30	   13.9200
    31	   14.4000
    32	   14.8800
    33	   15.3600
    34	   15.8400
    35	   16.3200
    36	   16.8000
    37	   17.2800
    38	   17.7600
    39	   18.2400
    40	   18.7200
    41	   19.2000
