   0.0000000e+00
   3.3333333e-06
   6.6666667e-06
   1.0000000e-05
   1.3333333e-05
   1.6666667e-05
   2.0000000e-05
   2.3333333e-05
   2.6666667e-05
   3.0000000e-05
   3.3333333e-05
   3.6666667e-05
   4.0000000e-05
   4.3333333e-05
   4.6666667e-05
   5.0000000e-05
   5.3333333e-05
   5.6666667e-05
   6.0000000e-05
   6.3333333e-05
   6.6666667e-05
   7.0000000e-05
   7.3333333e-05
   7.6666667e-05
   8.0000000e-05
   8.3333333e-05
   8.6666667e-05
   9.0000000e-05
   9.3333333e-05
   9.6666667e-05
   1.0000000e-04
   1.0333333e-04
   1.0666667e-04
   1.1000000e-04
   1.1333333e-04
   1.1666667e-04
   1.2000000e-04
   1.2333333e-04
   1.2666667e-04
   1.3000000e-04
   1.3333333e-04
   1.3666667e-04
   1.4000000e-04
   1.4333333e-04
   1.4666667e-04
   1.5000000e-04
   1.5333333e-04
   1.5666667e-04
   1.6000000e-04
   1.6333333e-04
   1.6666667e-04
   1.7000000e-04
   1.7333333e-04
   1.7666667e-04
   1.8000000e-04
   1.8333333e-04
   1.8666667e-04
   1.9000000e-04
   1.9333333e-04
   1.9666667e-04
   2.0000000e-04
   2.0333333e-04
   2.0666667e-04
   2.1000000e-04
   2.1333333e-04
   2.1666667e-04
   2.2000000e-04
   2.2333333e-04
   2.2666667e-04
   2.3000000e-04
   2.3333333e-04
   2.3666667e-04
   2.4000000e-04
   2.4333333e-04
   2.4666667e-04
   2.5000000e-04
   2.5333333e-04
   2.5666667e-04
   2.6000000e-04
   2.6333333e-04
   2.6666667e-04
   2.7000000e-04
   2.7333333e-04
   2.7666667e-04
   2.8000000e-04
   2.8333333e-04
   2.8666667e-04
   2.9000000e-04
   2.9333333e-04
   2.9666667e-04
   3.0000000e-04
   3.0333333e-04
   3.0666667e-04
   3.1000000e-04
   3.1333333e-04
   3.1666667e-04
   3.2000000e-04
   3.2333333e-04
   3.2666667e-04
   3.3000000e-04
   3.3333333e-04
   3.3666667e-04
   3.4000000e-04
   3.4333333e-04
   3.4666667e-04
   3.5000000e-04
   3.5333333e-04
   3.5666667e-04
   3.6000000e-04
   3.6333333e-04
   3.6666667e-04
   3.7000000e-04
   3.7333333e-04
   3.7666667e-04
   3.8000000e-04
   3.8333333e-04
   3.8666667e-04
   3.9000000e-04
   3.9333333e-04
   3.9666667e-04
   4.0000000e-04
