   0.0000000e+00
   6.0000000e-07
   1.2000000e-06
   1.8000000e-06
   2.4000000e-06
   3.0000000e-06
   3.6000000e-06
   4.2000000e-06
   4.8000000e-06
   5.4000000e-06
   6.0000000e-06
   6.6000000e-06
   7.2000000e-06
   7.8000000e-06
   8.4000000e-06
   9.0000000e-06
   9.6000000e-06
   1.0200000e-05
   1.0800000e-05
   1.1400000e-05
   1.2000000e-05
   1.2600000e-05
   1.3200000e-05
   1.3800000e-05
   1.4400000e-05
   1.5000000e-05
   1.5600000e-05
   1.6200000e-05
   1.6800000e-05
   1.7400000e-05
   1.8000000e-05
   1.8600000e-05
   1.9200000e-05
   1.9800000e-05
   2.0400000e-05
   2.1000000e-05
   2.1600000e-05
   2.2200000e-05
   2.2800000e-05
   2.3400000e-05
   2.4000000e-05
   2.4600000e-05
   2.5200000e-05
   2.5800000e-05
   2.6400000e-05
   2.7000000e-05
   2.7600000e-05
   2.8200000e-05
   2.8800000e-05
   2.9400000e-05
   3.0000000e-05
   3.0600000e-05
   3.1200000e-05
   3.1800000e-05
   3.2400000e-05
   3.3000000e-05
   3.3600000e-05
   3.4200000e-05
   3.4800000e-05
   3.5400000e-05
   3.6000000e-05
   3.6600000e-05
   3.7200000e-05
   3.7800000e-05
   3.8400000e-05
   3.9000000e-05
   3.9600000e-05
   4.0200000e-05
   4.0800000e-05
   4.1400000e-05
   4.2000000e-05
   4.2600000e-05
   4.3200000e-05
   4.3800000e-05
   4.4400000e-05
   4.5000000e-05
   4.5600000e-05
   4.6200000e-05
   4.6800000e-05
   4.7400000e-05
   4.8000000e-05
   4.8600000e-05
   4.9200000e-05
   4.9800000e-05
   5.0400000e-05
   5.1000000e-05
   5.1600000e-05
   5.2200000e-05
   5.2800000e-05
   5.3400000e-05
   5.4000000e-05
   5.4600000e-05
   5.5200000e-05
   5.5800000e-05
   5.6400000e-05
   5.7000000e-05
   5.7600000e-05
   5.8200000e-05
   5.8800000e-05
   5.9400000e-05
   6.0000000e-05
   6.0600000e-05
   6.1200000e-05
   6.1800000e-05
   6.2400000e-05
   6.3000000e-05
   6.3600000e-05
   6.4200000e-05
   6.4800000e-05
   6.5400000e-05
   6.6000000e-05
   6.6600000e-05
   6.7200000e-05
   6.7800000e-05
   6.8400000e-05
   6.9000000e-05
   6.9600000e-05
   7.0200000e-05
   7.0800000e-05
   7.1400000e-05
   7.2000000e-05
   7.2600000e-05
   7.3200000e-05
   7.3800000e-05
   7.4400000e-05
   7.5000000e-05
   7.5600000e-05
   7.6200000e-05
   7.6800000e-05
   7.7400000e-05
   7.8000000e-05
   7.8600000e-05
   7.9200000e-05
   7.9800000e-05
   8.0400000e-05
   8.1000000e-05
   8.1600000e-05
   8.2200000e-05
   8.2800000e-05
   8.3400000e-05
   8.4000000e-05
   8.4600000e-05
   8.5200000e-05
   8.5800000e-05
   8.6400000e-05
   8.7000000e-05
   8.7600000e-05
   8.8200000e-05
   8.8800000e-05
   8.9400000e-05
   9.0000000e-05
   9.0600000e-05
   9.1200000e-05
   9.1800000e-05
   9.2400000e-05
   9.3000000e-05
   9.3600000e-05
   9.4200000e-05
   9.4800000e-05
   9.5400000e-05
   9.6000000e-05
   9.6600000e-05
   9.7200000e-05
   9.7800000e-05
   9.8400000e-05
   9.9000000e-05
   9.9600000e-05
   1.0020000e-04
   1.0080000e-04
   1.0140000e-04
   1.0200000e-04
   1.0260000e-04
   1.0320000e-04
   1.0380000e-04
   1.0440000e-04
   1.0500000e-04
   1.0560000e-04
   1.0620000e-04
   1.0680000e-04
   1.0740000e-04
   1.0800000e-04
   1.0860000e-04
   1.0920000e-04
   1.0980000e-04
   1.1040000e-04
   1.1100000e-04
   1.1160000e-04
   1.1220000e-04
   1.1280000e-04
   1.1340000e-04
   1.1400000e-04
   1.1460000e-04
   1.1520000e-04
   1.1580000e-04
   1.1640000e-04
   1.1700000e-04
   1.1760000e-04
   1.1820000e-04
   1.1880000e-04
   1.1940000e-04
   1.2000000e-04
   1.2060000e-04
   1.2120000e-04
   1.2180000e-04
   1.2240000e-04
   1.2300000e-04
   1.2360000e-04
   1.2420000e-04
   1.2480000e-04
   1.2540000e-04
   1.2600000e-04
   1.2660000e-04
   1.2720000e-04
   1.2780000e-04
   1.2840000e-04
   1.2900000e-04
   1.2960000e-04
   1.3020000e-04
   1.3080000e-04
   1.3140000e-04
   1.3200000e-04
   1.3260000e-04
   1.3320000e-04
   1.3380000e-04
   1.3440000e-04
   1.3500000e-04
   1.3560000e-04
   1.3620000e-04
   1.3680000e-04
   1.3740000e-04
   1.3800000e-04
   1.3860000e-04
   1.3920000e-04
   1.3980000e-04
   1.4040000e-04
   1.4100000e-04
   1.4160000e-04
   1.4220000e-04
   1.4280000e-04
   1.4340000e-04
   1.4400000e-04
   1.4460000e-04
   1.4520000e-04
   1.4580000e-04
   1.4640000e-04
   1.4700000e-04
   1.4760000e-04
   1.4820000e-04
   1.4880000e-04
   1.4940000e-04
   1.5000000e-04
   1.5060000e-04
   1.5120000e-04
   1.5180000e-04
   1.5240000e-04
   1.5300000e-04
   1.5360000e-04
   1.5420000e-04
   1.5480000e-04
   1.5540000e-04
   1.5600000e-04
   1.5660000e-04
   1.5720000e-04
   1.5780000e-04
   1.5840000e-04
   1.5900000e-04
   1.5960000e-04
   1.6020000e-04
   1.6080000e-04
   1.6140000e-04
   1.6200000e-04
   1.6260000e-04
   1.6320000e-04
   1.6380000e-04
   1.6440000e-04
   1.6500000e-04
   1.6560000e-04
   1.6620000e-04
   1.6680000e-04
   1.6740000e-04
   1.6800000e-04
   1.6860000e-04
   1.6920000e-04
   1.6980000e-04
   1.7040000e-04
   1.7100000e-04
   1.7160000e-04
   1.7220000e-04
   1.7280000e-04
   1.7340000e-04
   1.7400000e-04
   1.7460000e-04
   1.7520000e-04
   1.7580000e-04
   1.7640000e-04
   1.7700000e-04
   1.7760000e-04
   1.7820000e-04
   1.7880000e-04
   1.7940000e-04
   4.0000000e-04
