   0.0000000e+00
   6.0200669e-04
   1.2040134e-03
   1.8060201e-03
   2.4080268e-03
   3.0100334e-03
   3.6120401e-03
   4.2140468e-03
   4.8160535e-03
   5.4180602e-03
   6.0200669e-03
   6.6220736e-03
   7.2240803e-03
   7.8260870e-03
   8.4280936e-03
   9.0301003e-03
   9.6321070e-03
   1.0234114e-02
   1.0836120e-02
   1.1438127e-02
   1.2040134e-02
   1.2642140e-02
   1.3244147e-02
   1.3846154e-02
   1.4448161e-02
   1.5050167e-02
   1.5652174e-02
   1.6254181e-02
   1.6856187e-02
   1.7458194e-02
   1.8060201e-02
   1.8662207e-02
   1.9264214e-02
   1.9866221e-02
   2.0468227e-02
   2.1070234e-02
   2.1672241e-02
   2.2274247e-02
   2.2876254e-02
   2.3478261e-02
   2.4080268e-02
   2.4682274e-02
   2.5284281e-02
   2.5886288e-02
   2.6488294e-02
   2.7090301e-02
   2.7692308e-02
   2.8294314e-02
   2.8896321e-02
   2.9498328e-02
   3.0100334e-02
   3.0702341e-02
   3.1304348e-02
   3.1906355e-02
   3.2508361e-02
   3.3110368e-02
   3.3712375e-02
   3.4314381e-02
   3.4916388e-02
   3.5518395e-02
   3.6120401e-02
   3.6722408e-02
   3.7324415e-02
   3.7926421e-02
   3.8528428e-02
   3.9130435e-02
   3.9732441e-02
   4.0334448e-02
   4.0936455e-02
   4.1538462e-02
   4.2140468e-02
   4.2742475e-02
   4.3344482e-02
   4.3946488e-02
   4.4548495e-02
   4.5150502e-02
   4.5752508e-02
   4.6354515e-02
   4.6956522e-02
   4.7558528e-02
   4.8160535e-02
   4.8762542e-02
   4.9364548e-02
   4.9966555e-02
   5.0568562e-02
   5.1170569e-02
   5.1772575e-02
   5.2374582e-02
   5.2976589e-02
   5.3578595e-02
   5.4180602e-02
   5.4782609e-02
   5.5384615e-02
   5.5986622e-02
   5.6588629e-02
   5.7190635e-02
   5.7792642e-02
   5.8394649e-02
   5.8996656e-02
   5.9598662e-02
   6.0200669e-02
   6.0802676e-02
   6.1404682e-02
   6.2006689e-02
   6.2608696e-02
   6.3210702e-02
   6.3812709e-02
   6.4414716e-02
   6.5016722e-02
   6.5618729e-02
   6.6220736e-02
   6.6822742e-02
   6.7424749e-02
   6.8026756e-02
   6.8628763e-02
   6.9230769e-02
   6.9832776e-02
   7.0434783e-02
   7.1036789e-02
   7.1638796e-02
   7.2240803e-02
   7.2842809e-02
   7.3444816e-02
   7.4046823e-02
   7.4648829e-02
   7.5250836e-02
   7.5852843e-02
   7.6454849e-02
   7.7056856e-02
   7.7658863e-02
   7.8260870e-02
   7.8862876e-02
   7.9464883e-02
   8.0066890e-02
   8.0668896e-02
   8.1270903e-02
   8.1872910e-02
   8.2474916e-02
   8.3076923e-02
   8.3678930e-02
   8.4280936e-02
   8.4882943e-02
   8.5484950e-02
   8.6086957e-02
   8.6688963e-02
   8.7290970e-02
   8.7892977e-02
   8.8494983e-02
   8.9096990e-02
   8.9698997e-02
   9.0301003e-02
   9.0903010e-02
   9.1505017e-02
   9.2107023e-02
   9.2709030e-02
   9.3311037e-02
   9.3913043e-02
   9.4515050e-02
   9.5117057e-02
   9.5719064e-02
   9.6321070e-02
   9.6923077e-02
   9.7525084e-02
   9.8127090e-02
   9.8729097e-02
   9.9331104e-02
   9.9933110e-02
   1.0053512e-01
   1.0113712e-01
   1.0173913e-01
   1.0234114e-01
   1.0294314e-01
   1.0354515e-01
   1.0414716e-01
   1.0474916e-01
   1.0535117e-01
   1.0595318e-01
   1.0655518e-01
   1.0715719e-01
   1.0775920e-01
   1.0836120e-01
   1.0896321e-01
   1.0956522e-01
   1.1016722e-01
   1.1076923e-01
   1.1137124e-01
   1.1197324e-01
   1.1257525e-01
   1.1317726e-01
   1.1377926e-01
   1.1438127e-01
   1.1498328e-01
   1.1558528e-01
   1.1618729e-01
   1.1678930e-01
   1.1739130e-01
   1.1799331e-01
   1.1859532e-01
   1.1919732e-01
   1.1979933e-01
   1.2040134e-01
   1.2100334e-01
   1.2160535e-01
   1.2220736e-01
   1.2280936e-01
   1.2341137e-01
   1.2401338e-01
   1.2461538e-01
   1.2521739e-01
   1.2581940e-01
   1.2642140e-01
   1.2702341e-01
   1.2762542e-01
   1.2822742e-01
   1.2882943e-01
   1.2943144e-01
   1.3003344e-01
   1.3063545e-01
   1.3123746e-01
   1.3183946e-01
   1.3244147e-01
   1.3304348e-01
   1.3364548e-01
   1.3424749e-01
   1.3484950e-01
   1.3545151e-01
   1.3605351e-01
   1.3665552e-01
   1.3725753e-01
   1.3785953e-01
   1.3846154e-01
   1.3906355e-01
   1.3966555e-01
   1.4026756e-01
   1.4086957e-01
   1.4147157e-01
   1.4207358e-01
   1.4267559e-01
   1.4327759e-01
   1.4387960e-01
   1.4448161e-01
   1.4508361e-01
   1.4568562e-01
   1.4628763e-01
   1.4688963e-01
   1.4749164e-01
   1.4809365e-01
   1.4869565e-01
   1.4929766e-01
   1.4989967e-01
   1.5050167e-01
   1.5110368e-01
   1.5170569e-01
   1.5230769e-01
   1.5290970e-01
   1.5351171e-01
   1.5411371e-01
   1.5471572e-01
   1.5531773e-01
   1.5591973e-01
   1.5652174e-01
   1.5712375e-01
   1.5772575e-01
   1.5832776e-01
   1.5892977e-01
   1.5953177e-01
   1.6013378e-01
   1.6073579e-01
   1.6133779e-01
   1.6193980e-01
   1.6254181e-01
   1.6314381e-01
   1.6374582e-01
   1.6434783e-01
   1.6494983e-01
   1.6555184e-01
   1.6615385e-01
   1.6675585e-01
   1.6735786e-01
   1.6795987e-01
   1.6856187e-01
   1.6916388e-01
   1.6976589e-01
   1.7036789e-01
   1.7096990e-01
   1.7157191e-01
   1.7217391e-01
   1.7277592e-01
   1.7337793e-01
   1.7397993e-01
   1.7458194e-01
   1.7518395e-01
   1.7578595e-01
   1.7638796e-01
   1.7698997e-01
   1.7759197e-01
   1.7819398e-01
   1.7879599e-01
   1.7939799e-01
   1.8000000e-01
