   0.0000000e+00
   1.6736402e-04
   3.3472803e-04
   5.0209205e-04
   6.6945607e-04
   8.3682008e-04
   1.0041841e-03
   1.1715481e-03
   1.3389121e-03
   1.5062762e-03
   1.6736402e-03
   1.8410042e-03
   2.0083682e-03
   2.1757322e-03
   2.3430962e-03
   2.5104603e-03
   2.6778243e-03
   2.8451883e-03
   3.0125523e-03
   3.1799163e-03
   3.3472803e-03
   3.5146444e-03
   3.6820084e-03
   3.8493724e-03
   4.0167364e-03
   4.1841004e-03
   4.3514644e-03
   4.5188285e-03
   4.6861925e-03
   4.8535565e-03
   5.0209205e-03
   5.1882845e-03
   5.3556485e-03
   5.5230126e-03
   5.6903766e-03
   5.8577406e-03
   6.0251046e-03
   6.1924686e-03
   6.3598326e-03
   6.5271967e-03
   6.6945607e-03
   6.8619247e-03
   7.0292887e-03
   7.1966527e-03
   7.3640167e-03
   7.5313808e-03
   7.6987448e-03
   7.8661088e-03
   8.0334728e-03
   8.2008368e-03
   8.3682008e-03
   8.5355649e-03
   8.7029289e-03
   8.8702929e-03
   9.0376569e-03
   9.2050209e-03
   9.3723849e-03
   9.5397490e-03
   9.7071130e-03
   9.8744770e-03
   1.0041841e-02
   1.0209205e-02
   1.0376569e-02
   1.0543933e-02
   1.0711297e-02
   1.0878661e-02
   1.1046025e-02
   1.1213389e-02
   1.1380753e-02
   1.1548117e-02
   1.1715481e-02
   1.1882845e-02
   1.2050209e-02
   1.2217573e-02
   1.2384937e-02
   1.2552301e-02
   1.2719665e-02
   1.2887029e-02
   1.3054393e-02
   1.3221757e-02
   1.3389121e-02
   1.3556485e-02
   1.3723849e-02
   1.3891213e-02
   1.4058577e-02
   1.4225941e-02
   1.4393305e-02
   1.4560669e-02
   1.4728033e-02
   1.4895397e-02
   1.5062762e-02
   1.5230126e-02
   1.5397490e-02
   1.5564854e-02
   1.5732218e-02
   1.5899582e-02
   1.6066946e-02
   1.6234310e-02
   1.6401674e-02
   1.6569038e-02
   1.6736402e-02
   1.6903766e-02
   1.7071130e-02
   1.7238494e-02
   1.7405858e-02
   1.7573222e-02
   1.7740586e-02
   1.7907950e-02
   1.8075314e-02
   1.8242678e-02
   1.8410042e-02
   1.8577406e-02
   1.8744770e-02
   1.8912134e-02
   1.9079498e-02
   1.9246862e-02
   1.9414226e-02
   1.9581590e-02
   1.9748954e-02
   1.9916318e-02
   2.0083682e-02
   2.0251046e-02
   2.0418410e-02
   2.0585774e-02
   2.0753138e-02
   2.0920502e-02
   2.1087866e-02
   2.1255230e-02
   2.1422594e-02
   2.1589958e-02
   2.1757322e-02
   2.1924686e-02
   2.2092050e-02
   2.2259414e-02
   2.2426778e-02
   2.2594142e-02
   2.2761506e-02
   2.2928870e-02
   2.3096234e-02
   2.3263598e-02
   2.3430962e-02
   2.3598326e-02
   2.3765690e-02
   2.3933054e-02
   2.4100418e-02
   2.4267782e-02
   2.4435146e-02
   2.4602510e-02
   2.4769874e-02
   2.4937238e-02
   2.5104603e-02
   2.5271967e-02
   2.5439331e-02
   2.5606695e-02
   2.5774059e-02
   2.5941423e-02
   2.6108787e-02
   2.6276151e-02
   2.6443515e-02
   2.6610879e-02
   2.6778243e-02
   2.6945607e-02
   2.7112971e-02
   2.7280335e-02
   2.7447699e-02
   2.7615063e-02
   2.7782427e-02
   2.7949791e-02
   2.8117155e-02
   2.8284519e-02
   2.8451883e-02
   2.8619247e-02
   2.8786611e-02
   2.8953975e-02
   2.9121339e-02
   2.9288703e-02
   2.9456067e-02
   2.9623431e-02
   2.9790795e-02
   2.9958159e-02
   3.0125523e-02
   3.0292887e-02
   3.0460251e-02
   3.0627615e-02
   3.0794979e-02
   3.0962343e-02
   3.1129707e-02
   3.1297071e-02
   3.1464435e-02
   3.1631799e-02
   3.1799163e-02
   3.1966527e-02
   3.2133891e-02
   3.2301255e-02
   3.2468619e-02
   3.2635983e-02
   3.2803347e-02
   3.2970711e-02
   3.3138075e-02
   3.3305439e-02
   3.3472803e-02
   3.3640167e-02
   3.3807531e-02
   3.3974895e-02
   3.4142259e-02
   3.4309623e-02
   3.4476987e-02
   3.4644351e-02
   3.4811715e-02
   3.4979079e-02
   3.5146444e-02
   3.5313808e-02
   3.5481172e-02
   3.5648536e-02
   3.5815900e-02
   3.5983264e-02
   3.6150628e-02
   3.6317992e-02
   3.6485356e-02
   3.6652720e-02
   3.6820084e-02
   3.6987448e-02
   3.7154812e-02
   3.7322176e-02
   3.7489540e-02
   3.7656904e-02
   3.7824268e-02
   3.7991632e-02
   3.8158996e-02
   3.8326360e-02
   3.8493724e-02
   3.8661088e-02
   3.8828452e-02
   3.8995816e-02
   3.9163180e-02
   3.9330544e-02
   3.9497908e-02
   3.9665272e-02
   3.9832636e-02
   4.0000000e-02
