   0.0000000e+00
   8.3333333e-05
   1.6666667e-04
   2.5000000e-04
   3.3333333e-04
   4.1666667e-04
   5.0000000e-04
   5.8333333e-04
   6.6666667e-04
   7.5000000e-04
   8.3333333e-04
   9.1666667e-04
   1.0000000e-03
   1.0833333e-03
   1.1666667e-03
   1.2500000e-03
   1.3333333e-03
   1.4166667e-03
   1.5000000e-03
   1.5833333e-03
   1.6666667e-03
   1.7500000e-03
   1.8333333e-03
   1.9166667e-03
   2.0000000e-03
   2.0833333e-03
   2.1666667e-03
   2.2500000e-03
   2.3333333e-03
   2.4166667e-03
   2.5000000e-03
   2.5833333e-03
   2.6666667e-03
   2.7500000e-03
   2.8333333e-03
   2.9166667e-03
   3.0000000e-03
   3.0833333e-03
   3.1666667e-03
   3.2500000e-03
   3.3333333e-03
   3.4166667e-03
   3.5000000e-03
   3.5833333e-03
   3.6666667e-03
   3.7500000e-03
   3.8333333e-03
   3.9166667e-03
   4.0000000e-03
   4.0833333e-03
   4.1666667e-03
   4.2500000e-03
   4.3333333e-03
   4.4166667e-03
   4.5000000e-03
   4.5833333e-03
   4.6666667e-03
   4.7500000e-03
   4.8333333e-03
   4.9166667e-03
   5.0000000e-03
   5.0833333e-03
   5.1666667e-03
   5.2500000e-03
   5.3333333e-03
   5.4166667e-03
   5.5000000e-03
   5.5833333e-03
   5.6666667e-03
   5.7500000e-03
   5.8333333e-03
   5.9166667e-03
   6.0000000e-03
   6.0833333e-03
   6.1666667e-03
   6.2500000e-03
   6.3333333e-03
   6.4166667e-03
   6.5000000e-03
   6.5833333e-03
   6.6666667e-03
   6.7500000e-03
   6.8333333e-03
   6.9166667e-03
   7.0000000e-03
   7.0833333e-03
   7.1666667e-03
   7.2500000e-03
   7.3333333e-03
   7.4166667e-03
   7.5000000e-03
   7.5833333e-03
   7.6666667e-03
   7.7500000e-03
   7.8333333e-03
   7.9166667e-03
   8.0000000e-03
   8.0833333e-03
   8.1666667e-03
   8.2500000e-03
   8.3333333e-03
   8.4166667e-03
   8.5000000e-03
   8.5833333e-03
   8.6666667e-03
   8.7500000e-03
   8.8333333e-03
   8.9166667e-03
   9.0000000e-03
   9.0833333e-03
   9.1666667e-03
   9.2500000e-03
   9.3333333e-03
   9.4166667e-03
   9.5000000e-03
   9.5833333e-03
   9.6666667e-03
   9.7500000e-03
   9.8333333e-03
   9.9166667e-03
   1.0000000e-02
   1.0083333e-02
   1.0166667e-02
   1.0250000e-02
   1.0333333e-02
   1.0416667e-02
   1.0500000e-02
   1.0583333e-02
   1.0666667e-02
   1.0750000e-02
   1.0833333e-02
   1.0916667e-02
   1.1000000e-02
   1.1083333e-02
   1.1166667e-02
   1.1250000e-02
   1.1333333e-02
   1.1416667e-02
   1.1500000e-02
   1.1583333e-02
   1.1666667e-02
   1.1750000e-02
   1.1833333e-02
   1.1916667e-02
   1.2000000e-02
   1.2083333e-02
   1.2166667e-02
   1.2250000e-02
   1.2333333e-02
   1.2416667e-02
   1.2500000e-02
   1.2583333e-02
   1.2666667e-02
   1.2750000e-02
   1.2833333e-02
   1.2916667e-02
   1.3000000e-02
   1.3083333e-02
   1.3166667e-02
   1.3250000e-02
   1.3333333e-02
   1.3416667e-02
   1.3500000e-02
   1.3583333e-02
   1.3666667e-02
   1.3750000e-02
   1.3833333e-02
   1.3916667e-02
   1.4000000e-02
   1.4083333e-02
   1.4166667e-02
   1.4250000e-02
   1.4333333e-02
   1.4416667e-02
   1.4500000e-02
   1.4583333e-02
   1.4666667e-02
   1.4750000e-02
   1.4833333e-02
   1.4916667e-02
   1.5000000e-02
   1.5083333e-02
   1.5166667e-02
   1.5250000e-02
   1.5333333e-02
   1.5416667e-02
   1.5500000e-02
   1.5583333e-02
   1.5666667e-02
   1.5750000e-02
   1.5833333e-02
   1.5916667e-02
   1.6000000e-02
   1.6083333e-02
   1.6166667e-02
   1.6250000e-02
   1.6333333e-02
   1.6416667e-02
   1.6500000e-02
   1.6583333e-02
   1.6666667e-02
   1.6750000e-02
   1.6833333e-02
   1.6916667e-02
   1.7000000e-02
   1.7083333e-02
   1.7166667e-02
   1.7250000e-02
   1.7333333e-02
   1.7416667e-02
   1.7500000e-02
   1.7583333e-02
   1.7666667e-02
   1.7750000e-02
   1.7833333e-02
   1.7916667e-02
   1.8000000e-02
   1.8083333e-02
   1.8166667e-02
   1.8250000e-02
   1.8333333e-02
   1.8416667e-02
   1.8500000e-02
   1.8583333e-02
   1.8666667e-02
   1.8750000e-02
   1.8833333e-02
   1.8916667e-02
   1.9000000e-02
   1.9083333e-02
   1.9166667e-02
   1.9250000e-02
   1.9333333e-02
   1.9416667e-02
   1.9500000e-02
   1.9583333e-02
   1.9666667e-02
   1.9750000e-02
   1.9833333e-02
   1.9916667e-02
   2.0000000e-02
