   0.0000000e+00
   4.6666667e-05
   9.3333333e-05
   1.4000000e-04
   1.8666667e-04
   2.3333333e-04
   2.8000000e-04
   3.2666667e-04
   3.7333333e-04
   4.2000000e-04
   4.6666667e-04
   5.1333333e-04
   5.6000000e-04
   6.0666667e-04
   6.5333333e-04
   7.0000000e-04
   7.4666667e-04
   7.9333333e-04
   8.4000000e-04
   8.8666667e-04
   9.3333333e-04
   9.8000000e-04
   1.0266667e-03
   1.0733333e-03
   1.1200000e-03
   1.1666667e-03
   1.2133333e-03
   1.2600000e-03
   1.3066667e-03
   1.3533333e-03
   1.4000000e-03
   1.4466667e-03
   1.4933333e-03
   1.5400000e-03
   1.5866667e-03
   1.6333333e-03
   1.6800000e-03
   1.7266667e-03
   1.7733333e-03
   1.8200000e-03
   1.8666667e-03
   1.9133333e-03
   1.9600000e-03
   2.0066667e-03
   2.0533333e-03
   2.1000000e-03
   2.1466667e-03
   2.1933333e-03
   2.2400000e-03
   2.2866667e-03
   2.3333333e-03
   2.3800000e-03
   2.4266667e-03
   2.4733333e-03
   2.5200000e-03
   2.5666667e-03
   2.6133333e-03
   2.6600000e-03
   2.7066667e-03
   2.7533333e-03
   2.8000000e-03
   2.8466667e-03
   2.8933333e-03
   2.9400000e-03
   2.9866667e-03
   3.0333333e-03
   3.0800000e-03
   3.1266667e-03
   3.1733333e-03
   3.2200000e-03
   3.2666667e-03
   3.3133333e-03
   3.3600000e-03
   3.4066667e-03
   3.4533333e-03
   3.5000000e-03
   3.5466667e-03
   3.5933333e-03
   3.6400000e-03
   3.6866667e-03
   3.7333333e-03
   3.7800000e-03
   3.8266667e-03
   3.8733333e-03
   3.9200000e-03
   3.9666667e-03
   4.0133333e-03
   4.0600000e-03
   4.1066667e-03
   4.1533333e-03
   4.2000000e-03
   4.2466667e-03
   4.2933333e-03
   4.3400000e-03
   4.3866667e-03
   4.4333333e-03
   4.4800000e-03
   4.5266667e-03
   4.5733333e-03
   4.6200000e-03
   4.6666667e-03
   4.7133333e-03
   4.7600000e-03
   4.8066667e-03
   4.8533333e-03
   4.9000000e-03
   4.9466667e-03
   4.9933333e-03
   5.0400000e-03
   5.0866667e-03
   5.1333333e-03
   5.1800000e-03
   5.2266667e-03
   5.2733333e-03
   5.3200000e-03
   5.3666667e-03
   5.4133333e-03
   5.4600000e-03
   5.5066667e-03
   5.5533333e-03
   5.6000000e-03
   5.6466667e-03
   5.6933333e-03
   5.7400000e-03
   5.7866667e-03
   5.8333333e-03
   5.8800000e-03
   5.9266667e-03
   5.9733333e-03
   6.0200000e-03
   6.0666667e-03
   6.1133333e-03
   6.1600000e-03
   6.2066667e-03
   6.2533333e-03
   6.3000000e-03
   6.3466667e-03
   6.3933333e-03
   6.4400000e-03
   6.4866667e-03
   6.5333333e-03
   6.5800000e-03
   6.6266667e-03
   6.6733333e-03
   6.7200000e-03
   6.7666667e-03
   6.8133333e-03
   6.8600000e-03
   6.9066667e-03
   6.9533333e-03
   7.0000000e-03
