   0.0000000e+00
   1.6666667e-03
   3.3333333e-03
   5.0000000e-03
   6.6666667e-03
   8.3333333e-03
   1.0000000e-02
   1.1666667e-02
   1.3333333e-02
   1.5000000e-02
   1.6666667e-02
   1.8333333e-02
   2.0000000e-02
   2.1666667e-02
   2.3333333e-02
   2.5000000e-02
   2.6666667e-02
   2.8333333e-02
   3.0000000e-02
   3.1666667e-02
   3.3333333e-02
   3.5000000e-02
   3.6666667e-02
   3.8333333e-02
   4.0000000e-02
   4.1666667e-02
   4.3333333e-02
   4.5000000e-02
   4.6666667e-02
   4.8333333e-02
   5.0000000e-02
   5.1666667e-02
   5.3333333e-02
   5.5000000e-02
   5.6666667e-02
   5.8333333e-02
   6.0000000e-02
   6.1666667e-02
   6.3333333e-02
   6.5000000e-02
   6.6666667e-02
   6.8333333e-02
   7.0000000e-02
   7.1666667e-02
   7.3333333e-02
   7.5000000e-02
   7.6666667e-02
   7.8333333e-02
   8.0000000e-02
   8.1666667e-02
   8.3333333e-02
   8.5000000e-02
   8.6666667e-02
   8.8333333e-02
   9.0000000e-02
   9.1666667e-02
   9.3333333e-02
   9.5000000e-02
   9.6666667e-02
   9.8333333e-02
   1.0000000e-01
   1.0166667e-01
   1.0333333e-01
   1.0500000e-01
   1.0666667e-01
   1.0833333e-01
   1.1000000e-01
   1.1166667e-01
   1.1333333e-01
   1.1500000e-01
   1.1666667e-01
   1.1833333e-01
   1.2000000e-01
   1.2166667e-01
   1.2333333e-01
   1.2500000e-01
   1.2666667e-01
   1.2833333e-01
   1.3000000e-01
   1.3166667e-01
   1.3333333e-01
   1.3500000e-01
   1.3666667e-01
   1.3833333e-01
   1.4000000e-01
   1.4166667e-01
   1.4333333e-01
   1.4500000e-01
   1.4666667e-01
   1.4833333e-01
   1.5000000e-01
   1.5166667e-01
   1.5333333e-01
   1.5500000e-01
   1.5666667e-01
   1.5833333e-01
   1.6000000e-01
   1.6166667e-01
   1.6333333e-01
   1.6500000e-01
   1.6666667e-01
   1.6833333e-01
   1.7000000e-01
   1.7166667e-01
   1.7333333e-01
   1.7500000e-01
   1.7666667e-01
   1.7833333e-01
   1.8000000e-01
   1.8166667e-01
   1.8333333e-01
   1.8500000e-01
   1.8666667e-01
   1.8833333e-01
   1.9000000e-01
   1.9166667e-01
   1.9333333e-01
   1.9500000e-01
   1.9666667e-01
   1.9833333e-01
   2.0000000e-01
