   1.0125000e+03
   9.8750000e+02
   9.6250000e+02
   9.3750000e+02
   9.1250000e+02
   8.8750000e+02
   8.6250000e+02
   8.3750000e+02
   8.1250000e+02
   7.8750000e+02
   7.6250000e+02
   7.2500000e+02
   6.7500000e+02
   6.2500000e+02
   5.7500000e+02
   5.2500000e+02
   4.7500000e+02
   4.2500000e+02
   3.7500000e+02
   3.2500000e+02
   2.7500000e+02
   2.3750000e+02
   2.1250000e+02
   1.8750000e+02
   1.6250000e+02
   1.3750000e+02
   1.1250000e+02
   8.5000000e+01
   6.0000000e+01
   4.0000000e+01
   2.5000000e+01
   1.5000000e+01
   8.5000000e+00
   6.0000000e+00
   4.0000000e+00
   2.5000000e+00
   1.5000000e+00
   5.0000000e-01
