   9.8254784e+02
   9.2390622e+02
   8.6876452e+02
   8.1691385e+02
   7.6815780e+02
   7.2231166e+02
   6.7920180e+02
   6.3866484e+02
   6.0054727e+02
   5.6470464e+02
   5.3100127e+02
   4.9930938e+02
   4.6950901e+02
   4.4148723e+02
   4.1513782e+02
   3.9036108e+02
   3.6706305e+02
   3.4515557e+02
   3.2455555e+02
   3.0518501e+02
   2.8697060e+02
   2.6984328e+02
   2.5373816e+02
   2.3859422e+02
   2.2435418e+02
   2.1096400e+02
   1.9837301e+02
   1.8653345e+02
   1.7540053e+02
   1.6493206e+02
   1.5508841e+02
   1.4583221e+02
   1.3712848e+02
   1.2894421e+02
   1.2124842e+02
   1.1401189e+02
   1.0720731e+02
   1.0080883e+02
   9.4792235e+01
   8.9134740e+01
