     1	   1.0132500e+03	     1	      0
     2	   1.0048298e+03	     2	    0.4800
     3	   9.9569327e+02	     3	    0.9600
     4	   9.8516042e+02	     4	    1.4400
     5	   9.7257030e+02	     5	    1.9200
     6	   9.5729341e+02	     6	    2.4000
     7	   9.3874337e+02	     7	    2.8800
     8	   9.1638886e+02	     8	    3.3600
     9	   8.8976732e+02	     9	    3.8400
    10	   8.5850213e+02	    10	    4.3200
    11	   8.2232569e+02	    11	    4.8000
    12	   7.8111062e+02	    12	    5.2800
    13	   7.3491162e+02	    13	    5.7600
    14	   6.8401914e+02	    14	    6.2400
    15	   6.2902360e+02	    15	    6.7200
    16	   5.7088322e+02	    16	    7.2000
    17	   5.1097877e+02	    17	    7.6800
    18	   4.5112355e+02	    18	    8.1600
    19	   3.9347948e+02	    19	    8.6400
    20	   3.4032087e+02	    20	    9.1200
    21	   2.9361116e+02	    21	    9.6000
    22	   2.5444982e+02	    22	   10.0800
    23	   2.2261687e+02	    23	   10.5600
    24	   1.9658598e+02	    24	   11.0400
    25	   1.7422897e+02	    25	   11.5200
    26	   1.5384432e+02	    26	   12.0000
    27	   1.3467574e+02	    27	   12.4800
    28	   1.1663029e+02	    28	   12.9600
    29	   9.9811840e+01	    29	   13.4400
    30	   8.4325799e+01	    30	   13.9200
    31	   7.0247712e+01	    31	   14.4000
    32	   5.7620140e+01	    32	   14.8800
    33	   4.6451646e+01	    33	   15.3600
    34	   3.6716592e+01	    34	   15.8400
    35	   2.8355743e+01	    35	   16.3200
    36	   2.1277653e+01	    36	   16.8000
    37	   1.5360810e+01	    37	   17.2800
    38	   1.0456481e+01	    38	   17.7600
    39	   6.3922036e+00	    39	   18.2400
    40	   2.9758233e+00	    40	   18.7200
    41	   0.0000000e+00	    41	   19.2000
