  -1.8154736e+00
  -1.5156852e+00
  -1.2158968e+00
  -9.1610850e-01
  -6.1632010e-01
  -4.5143660e-01
  -4.2145770e-01
  -3.9147890e-01
  -3.6150010e-01
  -3.3152120e-01
  -3.0154240e-01
  -2.7156360e-01
  -2.4158470e-01
  -2.1160590e-01
  -1.8162710e-01
  -1.5164820e-01
  -1.2166940e-01
  -9.1690500e-02
  -6.1711700e-02
  -3.1732900e-02
  -1.7540000e-03
   2.8224800e-02
   5.8203600e-02
   8.8182500e-02
   1.1816130e-01
   1.4814010e-01
   1.7811900e-01
   2.0809780e-01
   2.3807660e-01
   2.6805550e-01
   2.9803430e-01
   3.2801320e-01
   3.5799200e-01
   3.8797080e-01
   4.1794960e-01
   4.4792850e-01
   4.7790730e-01
   5.0788620e-01
   5.3786500e-01
   5.6784380e-01
   5.9782270e-01
   6.2780150e-01
   6.5778030e-01
   6.8775920e-01
   7.1773800e-01
   7.4771680e-01
   7.7769570e-01
   8.0767450e-01
   8.3765330e-01
   8.6763220e-01
   8.9761100e-01
   9.2758980e-01
   9.5756860e-01
   9.8754750e-01
   1.0175264e+00
   1.0475051e+00
   1.0774840e+00
   1.1074629e+00
   1.1374416e+00
   1.1674205e+00
   1.1973994e+00
   1.2273781e+00
   1.2573570e+00
   1.2873359e+00
   1.3173147e+00
   1.3472935e+00
   1.3772724e+00
   1.4072512e+00
   1.4372300e+00
   1.4672089e+00
   1.4971877e+00
   1.5271665e+00
   1.5571454e+00
   1.5871242e+00
   1.6171031e+00
   1.6470819e+00
   1.6770607e+00
   1.7070396e+00
   1.7370183e+00
   1.7669972e+00
   1.7969761e+00
   1.8269548e+00
   1.8569337e+00
   1.8869126e+00
   1.9168913e+00
   1.9468702e+00
   1.9768491e+00
   2.0068278e+00
   2.0368068e+00
   2.0667856e+00
   2.0967643e+00
   2.1267433e+00
   2.1567221e+00
   2.1867008e+00
   2.2166798e+00
   2.2466586e+00
   2.2766373e+00
   2.3066163e+00
   2.3365951e+00
   2.3665738e+00
   2.3965528e+00
   2.4265316e+00
   2.4565103e+00
   2.4864893e+00
   2.5164680e+00
   2.5464470e+00
   2.5764258e+00
   2.6064045e+00
   2.6363835e+00
   2.6663623e+00
   2.6963410e+00
   2.7263200e+00
   2.7562988e+00
   2.7862775e+00
   2.8162565e+00
   2.8462353e+00
   2.8762140e+00
   2.9061930e+00
   2.9361718e+00
   2.9661505e+00
   2.9961295e+00
   3.0261083e+00
   3.0560870e+00
   3.0860660e+00
   3.1160448e+00
   3.1460235e+00
   3.1760025e+00
   3.2059813e+00
   3.2359600e+00
   3.2659390e+00
   3.2959177e+00
   3.3258967e+00
   3.3558755e+00
   3.3858542e+00
   3.4158332e+00
   3.4458120e+00
   3.4757907e+00
   3.5057697e+00
   3.5357485e+00
   3.5657272e+00
   3.5957062e+00
   3.6256850e+00
   3.6556637e+00
   3.6856427e+00
   3.7156215e+00
   3.7456002e+00
   3.7755792e+00
   3.8055580e+00
   3.8355367e+00
   3.8655157e+00
   3.8954945e+00
   3.9254732e+00
   3.9554522e+00
   3.9854310e+00
   4.0154099e+00
   4.0453887e+00
   4.0753675e+00
   4.1053462e+00
   4.1353250e+00
   4.1653042e+00
   4.1952829e+00
   4.2252617e+00
   4.2552404e+00
   4.2852192e+00
   4.3151979e+00
   4.3451772e+00
   4.3751559e+00
   4.4051347e+00
   4.4351134e+00
   4.4650922e+00
   4.4950714e+00
   4.5250502e+00
   4.5550289e+00
   4.5850077e+00
   4.6149864e+00
   4.6449652e+00
   4.6749444e+00
   4.7049232e+00
   4.7349019e+00
   4.7648807e+00
   4.7948594e+00
   4.8248382e+00
   4.8548174e+00
   4.8847961e+00
   4.9147749e+00
   4.9447536e+00
   4.9747324e+00
   5.0047112e+00
   5.0346904e+00
   5.0646691e+00
   5.0946479e+00
   5.1246266e+00
   5.1546054e+00
   5.1845846e+00
   5.2145634e+00
   5.2445421e+00
   5.2745209e+00
   5.3044996e+00
   5.3344784e+00
   5.3644576e+00
   5.3944364e+00
   5.4244151e+00
   5.4543939e+00
   5.4843726e+00
   5.5143514e+00
   5.5443306e+00
   5.5743093e+00
   5.6042881e+00
   5.6342669e+00
   5.6642456e+00
   5.6942244e+00
   5.7242036e+00
   5.7541823e+00
   5.7841611e+00
   5.8141398e+00
   5.8441186e+00
   5.8740978e+00
   5.9040766e+00
   5.9340553e+00
   5.9640341e+00
   5.9940128e+00
   6.0239916e+00
   6.0539708e+00
   6.0839496e+00
   6.1139283e+00
   6.1439071e+00
   6.1738858e+00
   6.2038646e+00
   6.2338438e+00
   6.2638226e+00
   6.2938013e+00
   6.3237801e+00
   6.3537588e+00
   6.3837376e+00
   6.4137168e+00
   6.4436955e+00
   6.4736743e+00
   6.5036530e+00
   6.5336318e+00
   6.5636106e+00
   6.5935898e+00
   6.6235685e+00
   6.6535473e+00
   6.6835260e+00
   6.7135048e+00
   6.7434840e+00
   6.7734628e+00
   6.8034415e+00
   6.8334203e+00
   6.8633990e+00
   6.8933778e+00
   6.9233570e+00
   6.9533358e+00
   6.9833145e+00
   7.0132933e+00
   7.0432720e+00
   7.0732508e+00
   7.1032300e+00
   7.1332088e+00
   7.1631875e+00
   7.1931663e+00
   7.2231450e+00
   7.2531238e+00
   7.2831030e+00
   7.3130817e+00
   7.3430605e+00
   7.3730392e+00
   7.4030180e+00
   7.4329972e+00
   7.4629760e+00
   7.4929547e+00
   7.5229335e+00
   7.5529122e+00
   7.5828910e+00
   7.6128702e+00
   7.6428490e+00
   7.6728277e+00
   7.7028065e+00
   7.7327852e+00
   7.7627640e+00
   7.7927432e+00
   7.8227220e+00
   7.8527007e+00
   7.8826795e+00
   7.9126582e+00
   7.9426370e+00
   7.9726162e+00
   8.0025949e+00
   8.0325737e+00
   8.0625525e+00
   8.0925312e+00
   8.1225100e+00
   8.1524887e+00
   8.1824675e+00
   8.2124472e+00
   8.2574148e+00
   8.3173723e+00
   8.3773298e+00
   8.4372883e+00
   8.4972458e+00
   8.5572033e+00
   8.6171608e+00
   8.6771183e+00
   8.7370768e+00
   8.7970343e+00
   8.8569918e+00
   8.9169493e+00
   8.9769068e+00
   9.0368643e+00
   9.0968227e+00
   9.1567802e+00
   9.2167377e+00
   9.2766953e+00
   9.3366528e+00
   9.3966103e+00
   9.4565687e+00
   9.5165262e+00
   9.5764837e+00
   9.6364412e+00
   9.6963987e+00
   9.7563562e+00
   9.8163147e+00
   9.8762722e+00
   9.9362297e+00
   9.9961872e+00
   1.0056145e+01
   1.0116103e+01
   1.0176061e+01
   1.0236018e+01
   1.0295976e+01
   1.0355933e+01
   1.0415891e+01
   1.0475849e+01
   1.0535807e+01
   1.0595764e+01
   1.0655722e+01
   1.0715679e+01
   1.0775637e+01
   1.0835595e+01
   1.0895553e+01
   1.0955510e+01
   1.1015468e+01
   1.1075425e+01
   1.1135383e+01
   1.1195341e+01
   1.1255299e+01
   1.1315256e+01
   1.1375214e+01
   1.1435171e+01
   1.1495130e+01
   1.1555087e+01
   1.1615045e+01
   1.1675002e+01
   1.1734960e+01
   1.1794917e+01
   1.1854876e+01
   1.1914833e+01
   1.1974791e+01
