      0
    0.4800
    0.9600
    1.4400
    1.9200
    2.4000
    2.8800
    3.3600
    3.8400
    4.3200
    4.8000
    5.2800
    5.7600
    6.2400
    6.7200
    7.2000
    7.6800
    8.1600
    8.6400
    9.1200
    9.6000
   10.0800
   10.5600
   11.0400
   11.5200
   12.0000
   12.4800
   12.9600
   13.4400
   13.9200
   14.4000
   14.8800
   15.3600
   15.8400
   16.3200
   16.8000
   17.2800
   17.7600
   18.2400
   18.7200
   19.2000
   19.6800
   20.1600
   20.6400
   21.1200
   21.6000
   22.0800
   22.5600
   23.0400
   23.5200
   24.0000
