   0.0000000e+00
   1.6660210e-01
   4.0640600e-01
   7.6600520e-01
   1.0000000e+00
   1.3126520e+00
   1.6000000e+00
   2.0672050e+00
   2.3000000e+00
   2.6500000e+00
   3.0845510e+00
   3.3000000e+00
   3.6500000e+00
   4.0000000e+00
   4.3824530e+00
   4.7000000e+00
   5.0000000e+00
   5.4000000e+00
   5.8941950e+00
   6.2000000e+00
   6.5000000e+00
   6.8000000e+00
   7.1000000e+00
   7.4836680e+00
   7.8000000e+00
   8.1000000e+00
   8.4000000e+00
   8.9355750e+00
   9.2000000e+00
   9.5000000e+00
   9.8000000e+00
   1.0100000e+01
   1.0408830e+01
   1.0700000e+01
   1.1000000e+01
   1.1300000e+01
   1.1600000e+01
   1.2078880e+01
   1.2300000e+01
   1.2600000e+01
   1.3000000e+01
   1.3500000e+01
   1.3978480e+01
   1.6275070e+01
   1.8847740e+01
   2.1690810e+01
   2.5642750e+01
   3.5511280e+01
