   0.0000000e+00
   1.1666667e-03
   2.3333333e-03
   3.5000000e-03
   4.6666667e-03
   5.8333333e-03
   7.0000000e-03
   8.1666667e-03
   9.3333333e-03
   1.0500000e-02
   1.1666667e-02
   1.2833333e-02
   1.4000000e-02
   1.5166667e-02
   1.6333333e-02
   1.7500000e-02
   1.8666667e-02
   1.9833333e-02
   2.1000000e-02
   2.2166667e-02
   2.3333333e-02
   2.4500000e-02
   2.5666667e-02
   2.6833333e-02
   2.8000000e-02
   2.9166667e-02
   3.0333333e-02
   3.1500000e-02
   3.2666667e-02
   3.3833333e-02
   3.5000000e-02
   3.6166667e-02
   3.7333333e-02
   3.8500000e-02
   3.9666667e-02
   4.0833333e-02
   4.2000000e-02
   4.3166667e-02
   4.4333333e-02
   4.5500000e-02
   4.6666667e-02
   4.7833333e-02
   4.9000000e-02
   5.0166667e-02
   5.1333333e-02
   5.2500000e-02
   5.3666667e-02
   5.4833333e-02
   5.6000000e-02
   5.7166667e-02
   5.8333333e-02
   5.9500000e-02
   6.0666667e-02
   6.1833333e-02
   6.3000000e-02
   6.4166667e-02
   6.5333333e-02
   6.6500000e-02
   6.7666667e-02
   6.8833333e-02
   7.0000000e-02
   7.1166667e-02
   7.2333333e-02
   7.3500000e-02
   7.4666667e-02
   7.5833333e-02
   7.7000000e-02
   7.8166667e-02
   7.9333333e-02
   8.0500000e-02
   8.1666667e-02
   8.2833333e-02
   8.4000000e-02
   8.5166667e-02
   8.6333333e-02
   8.7500000e-02
   8.8666667e-02
   8.9833333e-02
   9.1000000e-02
   9.2166667e-02
   9.3333333e-02
   9.4500000e-02
   9.5666667e-02
   9.6833333e-02
   9.8000000e-02
   9.9166667e-02
   1.0033333e-01
   1.0150000e-01
   1.0266667e-01
   1.0383333e-01
   1.0500000e-01
   1.0616667e-01
   1.0733333e-01
   1.0850000e-01
   1.0966667e-01
   1.1083333e-01
   1.1200000e-01
   1.1316667e-01
   1.1433333e-01
   1.1550000e-01
   1.1666667e-01
   1.1783333e-01
   1.1900000e-01
   1.2016667e-01
   1.2133333e-01
   1.2250000e-01
   1.2366667e-01
   1.2483333e-01
   1.2600000e-01
   1.2716667e-01
   1.2833333e-01
   1.2950000e-01
   1.3066667e-01
   1.3183333e-01
   1.3300000e-01
   1.3416667e-01
   1.3533333e-01
   1.3650000e-01
   1.3766667e-01
   1.3883333e-01
   1.4000000e-01
