   0.0000000e+00
   3.2000000e-05
   6.4000000e-05
   9.6000000e-05
   1.2800000e-04
   1.6000000e-04
   1.9200000e-04
   2.2400000e-04
   2.5600000e-04
   2.8800000e-04
   3.2000000e-04
   3.5200000e-04
   3.8400000e-04
   4.1600000e-04
   4.4800000e-04
   4.8000000e-04
   5.1200000e-04
   5.4400000e-04
   5.7600000e-04
   6.0800000e-04
   6.4000000e-04
   6.7200000e-04
   7.0400000e-04
   7.3600000e-04
   7.6800000e-04
   8.0000000e-04
   8.3200000e-04
   8.6400000e-04
   8.9600000e-04
   9.2800000e-04
   9.6000000e-04
   9.9200000e-04
   1.0240000e-03
   1.0560000e-03
   1.0880000e-03
   1.1200000e-03
   1.1520000e-03
   1.1840000e-03
   1.2160000e-03
   1.2480000e-03
   1.2800000e-03
   1.3120000e-03
   1.3440000e-03
   1.3760000e-03
   1.4080000e-03
   1.4400000e-03
   1.4720000e-03
   1.5040000e-03
   1.5360000e-03
   1.5680000e-03
   1.6000000e-03
   1.6320000e-03
   1.6640000e-03
   1.6960000e-03
   1.7280000e-03
   1.7600000e-03
   1.7920000e-03
   1.8240000e-03
   1.8560000e-03
   1.8880000e-03
   1.9200000e-03
   1.9520000e-03
   1.9840000e-03
   2.0160000e-03
   2.0480000e-03
   2.0800000e-03
   2.1120000e-03
   2.1440000e-03
   2.1760000e-03
   2.2080000e-03
   2.2400000e-03
   2.2720000e-03
   2.3040000e-03
   2.3360000e-03
   2.3680000e-03
   2.4000000e-03
   2.4320000e-03
   2.4640000e-03
   2.4960000e-03
   2.5280000e-03
   2.5600000e-03
   2.5920000e-03
   2.6240000e-03
   2.6560000e-03
   2.6880000e-03
   2.7200000e-03
   2.7520000e-03
   2.7840000e-03
   2.8160000e-03
   2.8480000e-03
   2.8800000e-03
   2.9120000e-03
   2.9440000e-03
   2.9760000e-03
   3.0080000e-03
   3.0400000e-03
   3.0720000e-03
   3.1040000e-03
   3.1360000e-03
   3.1680000e-03
   3.2000000e-03
   3.2320000e-03
   3.2640000e-03
   3.2960000e-03
   3.3280000e-03
   3.3600000e-03
   3.3920000e-03
   3.4240000e-03
   3.4560000e-03
   3.4880000e-03
   3.5200000e-03
   3.5520000e-03
   3.5840000e-03
   3.6160000e-03
   3.6480000e-03
   3.6800000e-03
   3.7120000e-03
   3.7440000e-03
   3.7760000e-03
   3.8080000e-03
   3.8400000e-03
   3.8720000e-03
   3.9040000e-03
   3.9360000e-03
   3.9680000e-03
   4.0000000e-03
   4.0320000e-03
   4.0640000e-03
   4.0960000e-03
   4.1280000e-03
   4.1600000e-03
   4.1920000e-03
   4.2240000e-03
   4.2560000e-03
   4.2880000e-03
   4.3200000e-03
   4.3520000e-03
   4.3840000e-03
   4.4160000e-03
   4.4480000e-03
   4.4800000e-03
   4.5120000e-03
   4.5440000e-03
   4.5760000e-03
   4.6080000e-03
   4.6400000e-03
   4.6720000e-03
   4.7040000e-03
   4.7360000e-03
   4.7680000e-03
   4.8000000e-03
   4.8320000e-03
   4.8640000e-03
   4.8960000e-03
   4.9280000e-03
   4.9600000e-03
   4.9920000e-03
   5.0240000e-03
   5.0560000e-03
   5.0880000e-03
   5.1200000e-03
   5.1520000e-03
   5.1840000e-03
   5.2160000e-03
   5.2480000e-03
   5.2800000e-03
   5.3120000e-03
   5.3440000e-03
   5.3760000e-03
   5.4080000e-03
   5.4400000e-03
   5.4720000e-03
   5.5040000e-03
   5.5360000e-03
   5.5680000e-03
   5.6000000e-03
   5.6320000e-03
   5.6640000e-03
   5.6960000e-03
   5.7280000e-03
   5.7600000e-03
   5.7920000e-03
   5.8240000e-03
   5.8560000e-03
   5.8880000e-03
   5.9200000e-03
   5.9520000e-03
   5.9840000e-03
   6.0160000e-03
   6.0480000e-03
   6.0800000e-03
   6.1120000e-03
   6.1440000e-03
   6.1760000e-03
   6.2080000e-03
   6.2400000e-03
   6.2720000e-03
   6.3040000e-03
   6.3360000e-03
   6.3680000e-03
   6.4000000e-03
   6.4320000e-03
   6.4640000e-03
   6.4960000e-03
   6.5280000e-03
   6.5600000e-03
   6.5920000e-03
   6.6240000e-03
   6.6560000e-03
   6.6880000e-03
   6.7200000e-03
   6.7520000e-03
   6.7840000e-03
   6.8160000e-03
   6.8480000e-03
   6.8800000e-03
   6.9120000e-03
   6.9440000e-03
   6.9760000e-03
   7.0080000e-03
   7.0400000e-03
   7.0720000e-03
   7.1040000e-03
   7.1360000e-03
   7.1680000e-03
   7.2000000e-03
   7.2320000e-03
   7.2640000e-03
   7.2960000e-03
   7.3280000e-03
   7.3600000e-03
   7.3920000e-03
   7.4240000e-03
   7.4560000e-03
   7.4880000e-03
   7.5200000e-03
   7.5520000e-03
   7.5840000e-03
   7.6160000e-03
   7.6480000e-03
   7.6800000e-03
   7.7120000e-03
   7.7440000e-03
   7.7760000e-03
   7.8080000e-03
   7.8400000e-03
   7.8720000e-03
   7.9040000e-03
   7.9360000e-03
   7.9680000e-03
   8.0000000e-03
