   0.0000000e+00
   4.1666667e-04
   8.3333333e-04
   1.2500000e-03
   1.6666667e-03
   2.0833333e-03
   2.5000000e-03
   2.9166667e-03
   3.3333333e-03
   3.7500000e-03
   4.1666667e-03
   4.5833333e-03
   5.0000000e-03
   5.4166667e-03
   5.8333333e-03
   6.2500000e-03
   6.6666667e-03
   7.0833333e-03
   7.5000000e-03
   7.9166667e-03
   8.3333333e-03
   8.7500000e-03
   9.1666667e-03
   9.5833333e-03
   1.0000000e-02
   1.0416667e-02
   1.0833333e-02
   1.1250000e-02
   1.1666667e-02
   1.2083333e-02
   1.2500000e-02
   1.2916667e-02
   1.3333333e-02
   1.3750000e-02
   1.4166667e-02
   1.4583333e-02
   1.5000000e-02
   1.5416667e-02
   1.5833333e-02
   1.6250000e-02
   1.6666667e-02
   1.7083333e-02
   1.7500000e-02
   1.7916667e-02
   1.8333333e-02
   1.8750000e-02
   1.9166667e-02
   1.9583333e-02
   2.0000000e-02
   2.0416667e-02
   2.0833333e-02
   2.1250000e-02
   2.1666667e-02
   2.2083333e-02
   2.2500000e-02
   2.2916667e-02
   2.3333333e-02
   2.3750000e-02
   2.4166667e-02
   2.4583333e-02
   2.5000000e-02
   2.5416667e-02
   2.5833333e-02
   2.6250000e-02
   2.6666667e-02
   2.7083333e-02
   2.7500000e-02
   2.7916667e-02
   2.8333333e-02
   2.8750000e-02
   2.9166667e-02
   2.9583333e-02
   3.0000000e-02
   3.0416667e-02
   3.0833333e-02
   3.1250000e-02
   3.1666667e-02
   3.2083333e-02
   3.2500000e-02
   3.2916667e-02
   3.3333333e-02
   3.3750000e-02
   3.4166667e-02
   3.4583333e-02
   3.5000000e-02
   3.5416667e-02
   3.5833333e-02
   3.6250000e-02
   3.6666667e-02
   3.7083333e-02
   3.7500000e-02
   3.7916667e-02
   3.8333333e-02
   3.8750000e-02
   3.9166667e-02
   3.9583333e-02
   4.0000000e-02
   4.0416667e-02
   4.0833333e-02
   4.1250000e-02
   4.1666667e-02
   4.2083333e-02
   4.2500000e-02
   4.2916667e-02
   4.3333333e-02
   4.3750000e-02
   4.4166667e-02
   4.4583333e-02
   4.5000000e-02
   4.5416667e-02
   4.5833333e-02
   4.6250000e-02
   4.6666667e-02
   4.7083333e-02
   4.7500000e-02
   4.7916667e-02
   4.8333333e-02
   4.8750000e-02
   4.9166667e-02
   4.9583333e-02
   5.0000000e-02
   5.0416667e-02
   5.0833333e-02
   5.1250000e-02
   5.1666667e-02
   5.2083333e-02
   5.2500000e-02
   5.2916667e-02
   5.3333333e-02
   5.3750000e-02
   5.4166667e-02
   5.4583333e-02
   5.5000000e-02
   5.5416667e-02
   5.5833333e-02
   5.6250000e-02
   5.6666667e-02
   5.7083333e-02
   5.7500000e-02
   5.7916667e-02
   5.8333333e-02
   5.8750000e-02
   5.9166667e-02
   5.9583333e-02
   6.0000000e-02
   6.0416667e-02
   6.0833333e-02
   6.1250000e-02
   6.1666667e-02
   6.2083333e-02
   6.2500000e-02
   6.2916667e-02
   6.3333333e-02
   6.3750000e-02
   6.4166667e-02
   6.4583333e-02
   6.5000000e-02
   6.5416667e-02
   6.5833333e-02
   6.6250000e-02
   6.6666667e-02
   6.7083333e-02
   6.7500000e-02
   6.7916667e-02
   6.8333333e-02
   6.8750000e-02
   6.9166667e-02
   6.9583333e-02
   7.0000000e-02
   7.0416667e-02
   7.0833333e-02
   7.1250000e-02
   7.1666667e-02
   7.2083333e-02
   7.2500000e-02
   7.2916667e-02
   7.3333333e-02
   7.3750000e-02
   7.4166667e-02
   7.4583333e-02
   7.5000000e-02
   7.5416667e-02
   7.5833333e-02
   7.6250000e-02
   7.6666667e-02
   7.7083333e-02
   7.7500000e-02
   7.7916667e-02
   7.8333333e-02
   7.8750000e-02
   7.9166667e-02
   7.9583333e-02
   8.0000000e-02
   8.0416667e-02
   8.0833333e-02
   8.1250000e-02
   8.1666667e-02
   8.2083333e-02
   8.2500000e-02
   8.2916667e-02
   8.3333333e-02
   8.3750000e-02
   8.4166667e-02
   8.4583333e-02
   8.5000000e-02
   8.5416667e-02
   8.5833333e-02
   8.6250000e-02
   8.6666667e-02
   8.7083333e-02
   8.7500000e-02
   8.7916667e-02
   8.8333333e-02
   8.8750000e-02
   8.9166667e-02
   8.9583333e-02
   9.0000000e-02
   9.0416667e-02
   9.0833333e-02
   9.1250000e-02
   9.1666667e-02
   9.2083333e-02
   9.2500000e-02
   9.2916667e-02
   9.3333333e-02
   9.3750000e-02
   9.4166667e-02
   9.4583333e-02
   9.5000000e-02
   9.5416667e-02
   9.5833333e-02
   9.6250000e-02
   9.6666667e-02
   9.7083333e-02
   9.7500000e-02
   9.7916667e-02
   9.8333333e-02
   9.8750000e-02
   9.9166667e-02
   9.9583333e-02
   1.0000000e-01
