   0.0000000e+00
   4.0000000e-04
   8.0000000e-04
   1.2000000e-03
   1.6000000e-03
   2.0000000e-03
   2.4000000e-03
   2.8000000e-03
   3.2000000e-03
   3.6000000e-03
   4.0000000e-03
   4.4000000e-03
   4.8000000e-03
   5.2000000e-03
   5.6000000e-03
   6.0000000e-03
   6.4000000e-03
   6.8000000e-03
   7.2000000e-03
   7.6000000e-03
   8.0000000e-03
   8.4000000e-03
   8.8000000e-03
   9.2000000e-03
   9.6000000e-03
   1.0000000e-02
   1.0400000e-02
   1.0800000e-02
   1.1200000e-02
   1.1600000e-02
   1.2000000e-02
   1.2400000e-02
   1.2800000e-02
   1.3200000e-02
   1.3600000e-02
   1.4000000e-02
   1.4400000e-02
   1.4800000e-02
   1.5200000e-02
   1.5600000e-02
   1.6000000e-02
   1.6400000e-02
   1.6800000e-02
   1.7200000e-02
   1.7600000e-02
   1.8000000e-02
   1.8400000e-02
   1.8800000e-02
   1.9200000e-02
   1.9600000e-02
   2.0000000e-02
   2.0400000e-02
   2.0800000e-02
   2.1200000e-02
   2.1600000e-02
   2.2000000e-02
   2.2400000e-02
   2.2800000e-02
   2.3200000e-02
   2.3600000e-02
   2.4000000e-02
   2.4400000e-02
   2.4800000e-02
   2.5200000e-02
   2.5600000e-02
   2.6000000e-02
   2.6400000e-02
   2.6800000e-02
   2.7200000e-02
   2.7600000e-02
   2.8000000e-02
   2.8400000e-02
   2.8800000e-02
   2.9200000e-02
   2.9600000e-02
   3.0000000e-02
   3.0400000e-02
   3.0800000e-02
   3.1200000e-02
   3.1600000e-02
   3.2000000e-02
   3.2400000e-02
   3.2800000e-02
   3.3200000e-02
   3.3600000e-02
   3.4000000e-02
   3.4400000e-02
   3.4800000e-02
   3.5200000e-02
   3.5600000e-02
   3.6000000e-02
   3.6400000e-02
   3.6800000e-02
   3.7200000e-02
   3.7600000e-02
   3.8000000e-02
   3.8400000e-02
   3.8800000e-02
   3.9200000e-02
   3.9600000e-02
   4.0000000e-02
   4.0400000e-02
   4.0800000e-02
   4.1200000e-02
   4.1600000e-02
   4.2000000e-02
   4.2400000e-02
   4.2800000e-02
   4.3200000e-02
   4.3600000e-02
   4.4000000e-02
   4.4400000e-02
   4.4800000e-02
   4.5200000e-02
   4.5600000e-02
   4.6000000e-02
   4.6400000e-02
   4.6800000e-02
   4.7200000e-02
   4.7600000e-02
   4.8000000e-02
   4.8400000e-02
   4.8800000e-02
   4.9200000e-02
   4.9600000e-02
   5.0000000e-02
   5.0400000e-02
   5.0800000e-02
   5.1200000e-02
   5.1600000e-02
   5.2000000e-02
   5.2400000e-02
   5.2800000e-02
   5.3200000e-02
   5.3600000e-02
   5.4000000e-02
   5.4400000e-02
   5.4800000e-02
   5.5200000e-02
   5.5600000e-02
   5.6000000e-02
   5.6400000e-02
   5.6800000e-02
   5.7200000e-02
   5.7600000e-02
   5.8000000e-02
   5.8400000e-02
   5.8800000e-02
   5.9200000e-02
   5.9600000e-02
   6.0000000e-02
