   0.0000000e+00
   6.6666667e-05
   1.3333333e-04
   2.0000000e-04
   2.6666667e-04
   3.3333333e-04
   4.0000000e-04
   4.6666667e-04
   5.3333333e-04
   6.0000000e-04
   6.6666667e-04
   7.3333333e-04
   8.0000000e-04
   8.6666667e-04
   9.3333333e-04
   1.0000000e-03
   1.0666667e-03
   1.1333333e-03
   1.2000000e-03
   1.2666667e-03
   1.3333333e-03
   1.4000000e-03
   1.4666667e-03
   1.5333333e-03
   1.6000000e-03
   1.6666667e-03
   1.7333333e-03
   1.8000000e-03
   1.8666667e-03
   1.9333333e-03
   2.0000000e-03
   2.0666667e-03
   2.1333333e-03
   2.2000000e-03
   2.2666667e-03
   2.3333333e-03
   2.4000000e-03
   2.4666667e-03
   2.5333333e-03
   2.6000000e-03
   2.6666667e-03
   2.7333333e-03
   2.8000000e-03
   2.8666667e-03
   2.9333333e-03
   3.0000000e-03
   3.0666667e-03
   3.1333333e-03
   3.2000000e-03
   3.2666667e-03
   3.3333333e-03
   3.4000000e-03
   3.4666667e-03
   3.5333333e-03
   3.6000000e-03
   3.6666667e-03
   3.7333333e-03
   3.8000000e-03
   3.8666667e-03
   3.9333333e-03
   4.0000000e-03
   4.0666667e-03
   4.1333333e-03
   4.2000000e-03
   4.2666667e-03
   4.3333333e-03
   4.4000000e-03
   4.4666667e-03
   4.5333333e-03
   4.6000000e-03
   4.6666667e-03
   4.7333333e-03
   4.8000000e-03
   4.8666667e-03
   4.9333333e-03
   5.0000000e-03
   5.0666667e-03
   5.1333333e-03
   5.2000000e-03
   5.2666667e-03
   5.3333333e-03
   5.4000000e-03
   5.4666667e-03
   5.5333333e-03
   5.6000000e-03
   5.6666667e-03
   5.7333333e-03
   5.8000000e-03
   5.8666667e-03
   5.9333333e-03
   6.0000000e-03
   6.0666667e-03
   6.1333333e-03
   6.2000000e-03
   6.2666667e-03
   6.3333333e-03
   6.4000000e-03
   6.4666667e-03
   6.5333333e-03
   6.6000000e-03
   6.6666667e-03
   6.7333333e-03
   6.8000000e-03
   6.8666667e-03
   6.9333333e-03
   7.0000000e-03
   7.0666667e-03
   7.1333333e-03
   7.2000000e-03
   7.2666667e-03
   7.3333333e-03
   7.4000000e-03
   7.4666667e-03
   7.5333333e-03
   7.6000000e-03
   7.6666667e-03
   7.7333333e-03
   7.8000000e-03
   7.8666667e-03
   7.9333333e-03
   8.0000000e-03
   8.0666667e-03
   8.1333333e-03
   8.2000000e-03
   8.2666667e-03
   8.3333333e-03
   8.4000000e-03
   8.4666667e-03
   8.5333333e-03
   8.6000000e-03
   8.6666667e-03
   8.7333333e-03
   8.8000000e-03
   8.8666667e-03
   8.9333333e-03
   9.0000000e-03
   9.0666667e-03
   9.1333333e-03
   9.2000000e-03
   9.2666667e-03
   9.3333333e-03
   9.4000000e-03
   9.4666667e-03
   9.5333333e-03
   9.6000000e-03
   9.6666667e-03
   9.7333333e-03
   9.8000000e-03
   9.8666667e-03
   9.9333333e-03
   1.0000000e-02
