   0.0000000e+00
   7.5000000e-03
   1.5000000e-02
   2.2500000e-02
   3.0000000e-02
   3.7500000e-02
   4.5000000e-02
   5.2500000e-02
   6.0000000e-02
   6.7500000e-02
   7.5000000e-02
   8.2500000e-02
   9.0000000e-02
   9.7500000e-02
   1.0500000e-01
   1.1250000e-01
   1.2000000e-01
   1.2750000e-01
   1.3500000e-01
   1.4250000e-01
   1.5000000e-01
   1.5750000e-01
   1.6500000e-01
   1.7250000e-01
   1.8000000e-01
   1.8750000e-01
   1.9500000e-01
   2.0250000e-01
   2.1000000e-01
   2.1750000e-01
   2.2500000e-01
   2.3250000e-01
   2.4000000e-01
   2.4750000e-01
   2.5500000e-01
   2.6250000e-01
   2.7000000e-01
   2.7750000e-01
   2.8500000e-01
   2.9250000e-01
   3.0000000e-01
   3.0750000e-01
   3.1500000e-01
   3.2250000e-01
   3.3000000e-01
   3.3750000e-01
   3.4500000e-01
   3.5250000e-01
   3.6000000e-01
   3.6750000e-01
   3.7500000e-01
   3.8250000e-01
   3.9000000e-01
   3.9750000e-01
   4.0500000e-01
   4.1250000e-01
   4.2000000e-01
   4.2750000e-01
   4.3500000e-01
   4.4250000e-01
   4.5000000e-01
   4.5750000e-01
   4.6500000e-01
   4.7250000e-01
   4.8000000e-01
   4.8750000e-01
   4.9500000e-01
   5.0250000e-01
   5.1000000e-01
   5.1750000e-01
   5.2500000e-01
   5.3250000e-01
   5.4000000e-01
   5.4750000e-01
   5.5500000e-01
   5.6250000e-01
   5.7000000e-01
   5.7750000e-01
   5.8500000e-01
   5.9250000e-01
   6.0000000e-01
