90
87.46479
84.92958
82.39436
79.85915
77.32394
74.78873
72.25352
69.71831
67.1831
64.64789
62.11267
59.57747
57.04226
54.50704
51.97183
49.43662
46.90141
44.3662
41.83099
39.29578
36.7605
34.22535
31.69014
29.15493
26.61972
24.08451
21.5493
19.01408
16.47887
13.94366
11.40845
8.87324
6.338028
3.802817
1.267606
-1.267606
-3.802817
-6.338028
-8.87324
-11.40845
-13.94366
-16.47887
-19.01408
-21.5493
-24.08451
-26.61972
-29.15493
-31.69014
-34.22535
-36.76056
-39.29578
-41.83099
-44.3662
-46.90141
-49.43662
-51.97183
-54.50704
-57.04226
-59.57747
-62.11267
-64.64789
-67.1831
-69.71831
-72.25352
-74.78873
-77.32394
-79.85915
-82.39436
-84.92958
-87.46479
-90
