   0.0000000e+00
   5.0000000e-04
   1.0000000e-03
   1.5000000e-03
   2.0000000e-03
   2.5000000e-03
   3.0000000e-03
   3.5000000e-03
   4.0000000e-03
   4.5000000e-03
   5.0000000e-03
   5.5000000e-03
   6.0000000e-03
   6.5000000e-03
   7.0000000e-03
   7.5000000e-03
   8.0000000e-03
   8.5000000e-03
   9.0000000e-03
   9.5000000e-03
   1.0000000e-02
   1.0500000e-02
   1.1000000e-02
   1.1500000e-02
   1.2000000e-02
   1.2500000e-02
   1.3000000e-02
   1.3500000e-02
   1.4000000e-02
   1.4500000e-02
   1.5000000e-02
   1.5500000e-02
   1.6000000e-02
   1.6500000e-02
   1.7000000e-02
   1.7500000e-02
   1.8000000e-02
   1.8500000e-02
   1.9000000e-02
   1.9500000e-02
   2.0000000e-02
   2.0500000e-02
   2.1000000e-02
   2.1500000e-02
   2.2000000e-02
   2.2500000e-02
   2.3000000e-02
   2.3500000e-02
   2.4000000e-02
   2.4500000e-02
   2.5000000e-02
   2.5500000e-02
   2.6000000e-02
   2.6500000e-02
   2.7000000e-02
   2.7500000e-02
   2.8000000e-02
   2.8500000e-02
   2.9000000e-02
   2.9500000e-02
   3.0000000e-02
   3.0500000e-02
   3.1000000e-02
   3.1500000e-02
   3.2000000e-02
   3.2500000e-02
   3.3000000e-02
   3.3500000e-02
   3.4000000e-02
   3.4500000e-02
   3.5000000e-02
   3.5500000e-02
   3.6000000e-02
   3.6500000e-02
   3.7000000e-02
   3.7500000e-02
   3.8000000e-02
   3.8500000e-02
   3.9000000e-02
   3.9500000e-02
   4.0000000e-02
   4.0500000e-02
   4.1000000e-02
   4.1500000e-02
   4.2000000e-02
   4.2500000e-02
   4.3000000e-02
   4.3500000e-02
   4.4000000e-02
   4.4500000e-02
   4.5000000e-02
   4.5500000e-02
   4.6000000e-02
   4.6500000e-02
   4.7000000e-02
   4.7500000e-02
   4.8000000e-02
   4.8500000e-02
   4.9000000e-02
   4.9500000e-02
   5.0000000e-02
   5.0500000e-02
   5.1000000e-02
   5.1500000e-02
   5.2000000e-02
   5.2500000e-02
   5.3000000e-02
   5.3500000e-02
   5.4000000e-02
   5.4500000e-02
   5.5000000e-02
   5.5500000e-02
   5.6000000e-02
   5.6500000e-02
   5.7000000e-02
   5.7500000e-02
   5.8000000e-02
   5.8500000e-02
   5.9000000e-02
   5.9500000e-02
   6.0000000e-02
