   0.0000000e+00
   1.6666667e-03
   3.3333333e-03
   5.0000000e-03
   6.6666667e-03
   8.3333333e-03
   1.0000000e-02
   1.1666667e-02
   1.3333333e-02
   1.5000000e-02
   1.6666667e-02
   1.8333333e-02
   2.0000000e-02
   2.1666667e-02
   2.3333333e-02
   2.5000000e-02
   2.6666667e-02
   2.8333333e-02
   3.0000000e-02
   3.1666667e-02
   3.3333333e-02
   3.5000000e-02
   3.6666667e-02
   3.8333333e-02
   4.0000000e-02
   4.1666667e-02
   4.3333333e-02
   4.5000000e-02
   4.6666667e-02
   4.8333333e-02
   5.0000000e-02
   5.1666667e-02
   5.3333333e-02
   5.5000000e-02
   5.6666667e-02
   5.8333333e-02
   6.0000000e-02
   6.1666667e-02
   6.3333333e-02
   6.5000000e-02
   6.6666667e-02
   6.8333333e-02
   7.0000000e-02
   7.1666667e-02
   7.3333333e-02
   7.5000000e-02
   7.6666667e-02
   7.8333333e-02
   8.0000000e-02
   8.1666667e-02
   8.3333333e-02
   8.5000000e-02
   8.6666667e-02
   8.8333333e-02
   9.0000000e-02
   9.1666667e-02
   9.3333333e-02
   9.5000000e-02
   9.6666667e-02
   9.8333333e-02
   1.0000000e-01
