   0.0000000e+00
   9.1433333e-07
   1.8286667e-06
   2.7430000e-06
   3.6573333e-06
   4.5716667e-06
   5.4860000e-06
   6.4003333e-06
   7.3146667e-06
   8.2290000e-06
   9.1433333e-06
   1.0057667e-05
   1.0972000e-05
   1.1886333e-05
   1.2800667e-05
   1.3715000e-05
   1.4629333e-05
   1.5543667e-05
   1.6458000e-05
   1.7372333e-05
   1.8286667e-05
   1.9201000e-05
   2.0115333e-05
   2.1029667e-05
   2.1944000e-05
   2.2858333e-05
   2.3772667e-05
   2.4687000e-05
   2.5601333e-05
   2.6515667e-05
   2.7430000e-05
   2.8344333e-05
   2.9258667e-05
   3.0173000e-05
   3.1087333e-05
   3.2001667e-05
   3.2916000e-05
   3.3830333e-05
   3.4744667e-05
   3.5659000e-05
   3.6573333e-05
   3.7487667e-05
   3.8402000e-05
   3.9316333e-05
   4.0230667e-05
   4.1145000e-05
   4.2059333e-05
   4.2973667e-05
   4.3888000e-05
   4.4802333e-05
   4.5716667e-05
   4.6631000e-05
   4.7545333e-05
   4.8459667e-05
   4.9374000e-05
   5.0288333e-05
   5.1202667e-05
   5.2117000e-05
   5.3031333e-05
   5.3945667e-05
   5.4860000e-05
   5.5774333e-05
   5.6688667e-05
   5.7603000e-05
   5.8517333e-05
   5.9431667e-05
   6.0346000e-05
   6.1260333e-05
   6.2174667e-05
   6.3089000e-05
   6.4003333e-05
   6.4917667e-05
   6.5832000e-05
   6.6746333e-05
   6.7660667e-05
   6.8575000e-05
   6.9489333e-05
   7.0403667e-05
   7.1318000e-05
   7.2232333e-05
   7.3146667e-05
   7.4061000e-05
   7.4975333e-05
   7.5889667e-05
   7.6804000e-05
   7.7718333e-05
   7.8632667e-05
   7.9547000e-05
   8.0461333e-05
   8.1375667e-05
   8.2290000e-05
   8.3204333e-05
   8.4118667e-05
   8.5033000e-05
   8.5947333e-05
   8.6861667e-05
   8.7776000e-05
   8.8690333e-05
   8.9604667e-05
   9.0519000e-05
   9.1433333e-05
   9.2347667e-05
   9.3262000e-05
   9.4176333e-05
   9.5090667e-05
   9.6005000e-05
   9.6919333e-05
   9.7833667e-05
   9.8748000e-05
   9.9662333e-05
   1.0057667e-04
   1.0149100e-04
   1.0240533e-04
   1.0331967e-04
   1.0423400e-04
   1.0514833e-04
   1.0606267e-04
   1.0697700e-04
   1.0789133e-04
   1.0880567e-04
   1.0972000e-04
   1.1063433e-04
   1.1154867e-04
   1.1246300e-04
   1.1337733e-04
   1.1429167e-04
   1.1520600e-04
   1.1612033e-04
   1.1703467e-04
   1.1794900e-04
   1.1886333e-04
   1.1977767e-04
   1.2069200e-04
   1.2160633e-04
   1.2252067e-04
   1.2343500e-04
   1.2434933e-04
   1.2526367e-04
   1.2617800e-04
   1.2709233e-04
   1.2800667e-04
   1.2892100e-04
   1.2983533e-04
   1.3074967e-04
   1.3166400e-04
   1.3257833e-04
   1.3349267e-04
   1.3440700e-04
   1.3532133e-04
   1.3623567e-04
   1.3715000e-04
