   0.0000000e+00
   3.3333333e-03
   6.6666667e-03
   1.0000000e-02
   1.3333333e-02
   1.6666667e-02
   2.0000000e-02
   2.3333333e-02
   2.6666667e-02
   3.0000000e-02
   3.3333333e-02
   3.6666667e-02
   4.0000000e-02
   4.3333333e-02
   4.6666667e-02
   5.0000000e-02
   5.3333333e-02
   5.6666667e-02
   6.0000000e-02
   6.3333333e-02
   6.6666667e-02
   7.0000000e-02
   7.3333333e-02
   7.6666667e-02
   8.0000000e-02
   8.3333333e-02
   8.6666667e-02
   9.0000000e-02
   9.3333333e-02
   9.6666667e-02
   1.0000000e-01
   1.0333333e-01
   1.0666667e-01
   1.1000000e-01
   1.1333333e-01
   1.1666667e-01
   1.2000000e-01
   1.2333333e-01
   1.2666667e-01
   1.3000000e-01
   1.3333333e-01
   1.3666667e-01
   1.4000000e-01
   1.4333333e-01
   1.4666667e-01
   1.5000000e-01
   1.5333333e-01
   1.5666667e-01
   1.6000000e-01
   1.6333333e-01
   1.6666667e-01
   1.7000000e-01
   1.7333333e-01
   1.7666667e-01
   1.8000000e-01
   1.8333333e-01
   1.8666667e-01
   1.9000000e-01
   1.9333333e-01
   1.9666667e-01
   2.0000000e-01
