   1.0132500e+03
   1.0048298e+03
   9.9569327e+02
   9.8516042e+02
   9.7257030e+02
   9.5729341e+02
   9.3874337e+02
   9.1638886e+02
   8.8976732e+02
   8.5850213e+02
   8.2232569e+02
   7.8111062e+02
   7.3491162e+02
   6.8401914e+02
   6.2902360e+02
   5.7088322e+02
   5.1097877e+02
   4.5112355e+02
   3.9347948e+02
   3.4032087e+02
   2.9361116e+02
   2.5444982e+02
   2.2261687e+02
   1.9658598e+02
   1.7422897e+02
   1.5384432e+02
   1.3467574e+02
   1.1663029e+02
   9.9811840e+01
   8.4325799e+01
   7.0247712e+01
   5.7620140e+01
   4.6451646e+01
   3.6716592e+01
   2.8355743e+01
   2.1277653e+01
   1.5360810e+01
   1.0456481e+01
   6.3922036e+00
   2.9758233e+00
   0.0000000e+00
