  -9.9000000e+01
  -7.6500000e+01
  -7.3500000e+01
  -7.0500000e+01
  -6.7500000e+01
  -6.4500000e+01
  -6.1500000e+01
  -5.8500000e+01
  -5.5500000e+01
  -5.2500000e+01
  -4.9500000e+01
  -4.6500000e+01
  -4.3500000e+01
  -4.0500000e+01
  -3.7500000e+01
  -3.4500000e+01
  -3.1500000e+01
  -2.8500000e+01
  -2.5500000e+01
  -2.2500000e+01
  -1.9500000e+01
  -1.6500000e+01
  -1.3500000e+01
  -1.0500000e+01
  -7.5000000e+00
  -4.5000000e+00
  -1.5000000e+00
   1.5000000e+00
   4.5000000e+00
   7.5000000e+00
   1.0500000e+01
   1.3500000e+01
   1.6500000e+01
   3.9000000e+01
