   2.3999999e-01
   7.1999997e-01
   1.2000000e+00
   1.6800001e+00
   2.1600001e+00
   2.6400001e+00
   3.1199999e+00
   3.5999999e+00
   4.0799999e+00
   4.5600004e+00
   5.0400000e+00
   5.5200005e+00
   6.0000000e+00
   6.4799995e+00
   6.9600000e+00
   7.4399996e+00
   7.9200001e+00
   8.3999996e+00
   8.8800001e+00
   9.3600006e+00
   9.8400002e+00
   1.0320000e+01
   1.0800000e+01
   1.1280001e+01
   1.1760000e+01
   1.2240000e+01
   1.2719999e+01
   1.3200000e+01
   1.3680000e+01
   1.4160000e+01
   1.4639999e+01
   1.5120000e+01
   1.5600000e+01
   1.6080000e+01
   1.6559999e+01
   1.7040001e+01
   1.7520000e+01
   1.8000000e+01
   1.8480000e+01
   1.8959999e+01
