   0.0000000e+00
   2.4000000e-01
   4.8000000e-01
   7.2000000e-01
   9.6000000e-01
   1.2000000e+00
   1.4400000e+00
   1.6800000e+00
   1.9200000e+00
   2.1600000e+00
   2.4000000e+00
   2.6400000e+00
   2.8800000e+00
   3.1200000e+00
   3.3600000e+00
   3.6000000e+00
   3.8400000e+00
   4.0800000e+00
   4.3200000e+00
   4.5600000e+00
   4.8000000e+00
   5.0400000e+00
   5.2800000e+00
   5.5200000e+00
   5.7600000e+00
   6.0000000e+00
   6.2400000e+00
   6.4800000e+00
   6.7200000e+00
   6.9600000e+00
   7.2000000e+00
   7.4400000e+00
   7.6800000e+00
   7.9200000e+00
   8.1600000e+00
   8.4000000e+00
   8.6400000e+00
   8.8800000e+00
   9.1200000e+00
   9.3600000e+00
   9.6000000e+00
   9.8400000e+00
   1.0080000e+01
   1.0320000e+01
   1.0560000e+01
   1.0800000e+01
   1.1040000e+01
   1.1280000e+01
   1.1520000e+01
   1.1760000e+01
   1.2000000e+01
   1.2240000e+01
   1.2480000e+01
   1.2720000e+01
   1.2960000e+01
   1.3200000e+01
   1.3440000e+01
   1.3680000e+01
   1.3920000e+01
   1.4160000e+01
   1.4400000e+01
   1.4640000e+01
   1.4880000e+01
   1.5120000e+01
   1.5360000e+01
   1.5600000e+01
   1.5840000e+01
   1.6080000e+01
   1.6320000e+01
   1.6560000e+01
   1.6800000e+01
   1.7040000e+01
   1.7280000e+01
   1.7520000e+01
   1.7760000e+01
   1.8000000e+01
   1.8240000e+01
   1.8480000e+01
   1.8720000e+01
   1.8960000e+01
   1.9200000e+01
