   0.0000000e+00
   3.3333333e-03
   6.6666667e-03
   1.0000000e-02
   1.3333333e-02
   1.6666667e-02
   2.0000000e-02
   2.3333333e-02
   2.6666667e-02
   3.0000000e-02
   3.3333333e-02
   3.6666667e-02
   4.0000000e-02
   4.3333333e-02
   4.6666667e-02
   5.0000000e-02
   5.3333333e-02
   5.6666667e-02
   6.0000000e-02
   6.3333333e-02
   6.6666667e-02
   7.0000000e-02
   7.3333333e-02
   7.6666667e-02
   8.0000000e-02
   8.3333333e-02
   8.6666667e-02
   9.0000000e-02
   9.3333333e-02
   9.6666667e-02
   1.0000000e-01
   1.0333333e-01
   1.0666667e-01
   1.1000000e-01
   1.1333333e-01
   1.1666667e-01
   1.2000000e-01
   1.2333333e-01
   1.2666667e-01
   1.3000000e-01
   1.3333333e-01
   1.3666667e-01
   1.4000000e-01
   1.4333333e-01
   1.4666667e-01
   1.5000000e-01
   1.5333333e-01
   1.5666667e-01
   1.6000000e-01
   1.6333333e-01
   1.6666667e-01
   1.7000000e-01
   1.7333333e-01
   1.7666667e-01
   1.8000000e-01
   1.8333333e-01
   1.8666667e-01
   1.9000000e-01
   1.9333333e-01
   1.9666667e-01
   2.0000000e-01
   2.0333333e-01
   2.0666667e-01
   2.1000000e-01
   2.1333333e-01
   2.1666667e-01
   2.2000000e-01
   2.2333333e-01
   2.2666667e-01
   2.3000000e-01
   2.3333333e-01
   2.3666667e-01
   2.4000000e-01
   2.4333333e-01
   2.4666667e-01
   2.5000000e-01
   2.5333333e-01
   2.5666667e-01
   2.6000000e-01
   2.6333333e-01
   2.6666667e-01
   2.7000000e-01
   2.7333333e-01
   2.7666667e-01
   2.8000000e-01
   2.8333333e-01
   2.8666667e-01
   2.9000000e-01
   2.9333333e-01
   2.9666667e-01
   3.0000000e-01
   3.0333333e-01
   3.0666667e-01
   3.1000000e-01
   3.1333333e-01
   3.1666667e-01
   3.2000000e-01
   3.2333333e-01
   3.2666667e-01
   3.3000000e-01
   3.3333333e-01
   3.3666667e-01
   3.4000000e-01
   3.4333333e-01
   3.4666667e-01
   3.5000000e-01
   3.5333333e-01
   3.5666667e-01
   3.6000000e-01
   3.6333333e-01
   3.6666667e-01
   3.7000000e-01
   3.7333333e-01
   3.7666667e-01
   3.8000000e-01
   3.8333333e-01
   3.8666667e-01
   3.9000000e-01
   3.9333333e-01
   3.9666667e-01
   4.0000000e-01
   4.0333333e-01
   4.0666667e-01
   4.1000000e-01
   4.1333333e-01
   4.1666667e-01
   4.2000000e-01
   4.2333333e-01
   4.2666667e-01
   4.3000000e-01
   4.3333333e-01
   4.3666667e-01
   4.4000000e-01
   4.4333333e-01
   4.4666667e-01
   4.5000000e-01
   4.5333333e-01
   4.5666667e-01
   4.6000000e-01
   4.6333333e-01
   4.6666667e-01
   4.7000000e-01
   4.7333333e-01
   4.7666667e-01
   4.8000000e-01
   4.8333333e-01
   4.8666667e-01
   4.9000000e-01
   4.9333333e-01
   4.9666667e-01
   5.0000000e-01
   5.0333333e-01
   5.0666667e-01
   5.1000000e-01
   5.1333333e-01
   5.1666667e-01
   5.2000000e-01
   5.2333333e-01
   5.2666667e-01
   5.3000000e-01
   5.3333333e-01
   5.3666667e-01
   5.4000000e-01
   5.4333333e-01
   5.4666667e-01
   5.5000000e-01
   5.5333333e-01
   5.5666667e-01
   5.6000000e-01
   5.6333333e-01
   5.6666667e-01
   5.7000000e-01
   5.7333333e-01
   5.7666667e-01
   5.8000000e-01
   5.8333333e-01
   5.8666667e-01
   5.9000000e-01
   5.9333333e-01
   5.9666667e-01
   6.0000000e-01
   6.0333333e-01
   6.0666667e-01
   6.1000000e-01
   6.1333333e-01
   6.1666667e-01
   6.2000000e-01
   6.2333333e-01
   6.2666667e-01
   6.3000000e-01
   6.3333333e-01
   6.3666667e-01
   6.4000000e-01
   6.4333333e-01
   6.4666667e-01
   6.5000000e-01
   6.5333333e-01
   6.5666667e-01
   6.6000000e-01
   6.6333333e-01
   6.6666667e-01
   6.7000000e-01
   6.7333333e-01
   6.7666667e-01
   6.8000000e-01
   6.8333333e-01
   6.8666667e-01
   6.9000000e-01
   6.9333333e-01
   6.9666667e-01
   7.0000000e-01
   7.0333333e-01
   7.0666667e-01
   7.1000000e-01
   7.1333333e-01
   7.1666667e-01
   7.2000000e-01
   7.2333333e-01
   7.2666667e-01
   7.3000000e-01
   7.3333333e-01
   7.3666667e-01
   7.4000000e-01
   7.4333333e-01
   7.4666667e-01
   7.5000000e-01
   7.5333333e-01
   7.5666667e-01
   7.6000000e-01
   7.6333333e-01
   7.6666667e-01
   7.7000000e-01
   7.7333333e-01
   7.7666667e-01
   7.8000000e-01
   7.8333333e-01
   7.8666667e-01
   7.9000000e-01
   7.9333333e-01
   7.9666667e-01
   8.0000000e-01
   8.0333333e-01
   8.0666667e-01
   8.1000000e-01
   8.1333333e-01
   8.1666667e-01
   8.2000000e-01
   8.2333333e-01
   8.2666667e-01
   8.3000000e-01
   8.3333333e-01
   8.3666667e-01
   8.4000000e-01
   8.4333333e-01
   8.4666667e-01
   8.5000000e-01
   8.5333333e-01
   8.5666667e-01
   8.6000000e-01
   8.6333333e-01
   8.6666667e-01
   8.7000000e-01
   8.7333333e-01
   8.7666667e-01
   8.8000000e-01
   8.8333333e-01
   8.8666667e-01
   8.9000000e-01
   8.9333333e-01
   8.9666667e-01
   9.0000000e-01
   9.0333333e-01
   9.0666667e-01
   9.1000000e-01
   9.1333333e-01
   9.1666667e-01
   9.2000000e-01
   9.2333333e-01
   9.2666667e-01
   9.3000000e-01
   9.3333333e-01
   9.3666667e-01
   9.4000000e-01
   9.4333333e-01
   9.4666667e-01
   9.5000000e-01
   9.5333333e-01
   9.5666667e-01
   9.6000000e-01
   9.6333333e-01
   9.6666667e-01
   9.7000000e-01
   9.7333333e-01
   9.7666667e-01
   9.8000000e-01
   9.8333333e-01
   9.8666667e-01
   9.9000000e-01
   9.9333333e-01
   9.9666667e-01
   1.0000000e+00
