  -1.1500000e+02
  -1.1450000e+02
  -1.1400000e+02
  -1.1350000e+02
  -1.1300000e+02
  -1.1250000e+02
  -1.1200000e+02
  -1.1150000e+02
  -1.1100000e+02
  -1.1050000e+02
  -1.1000000e+02
  -1.0950000e+02
  -1.0900000e+02
  -1.0850000e+02
  -1.0800000e+02
  -1.0750000e+02
  -1.0700000e+02
  -1.0650000e+02
  -1.0600000e+02
  -1.0550000e+02
  -1.0500000e+02
  -1.0450000e+02
  -1.0400000e+02
  -1.0350000e+02
  -1.0300000e+02
  -1.0250000e+02
  -1.0200000e+02
  -1.0150000e+02
  -1.0100000e+02
  -1.0050000e+02
  -1.0000000e+02
  -9.9500000e+01
  -9.9000000e+01
  -9.8500000e+01
  -9.8000000e+01
  -9.7500000e+01
  -9.7000000e+01
  -9.6500000e+01
  -9.6000000e+01
  -9.5500000e+01
  -9.5000000e+01
  -9.4500000e+01
  -9.4000000e+01
  -9.3500000e+01
  -9.3000000e+01
  -9.2500000e+01
  -9.2000000e+01
  -9.1500000e+01
  -9.1000000e+01
  -9.0500000e+01
  -9.0000000e+01
  -8.9500000e+01
  -8.9000000e+01
  -8.8500000e+01
  -8.8000000e+01
  -8.7500000e+01
  -8.7000000e+01
  -8.6500000e+01
  -8.6000000e+01
  -8.5500000e+01
  -8.5000000e+01
  -8.4500000e+01
  -8.4000000e+01
  -8.3500000e+01
  -8.3000000e+01
  -8.2500000e+01
  -8.2000000e+01
  -8.1500000e+01
  -8.1000000e+01
  -8.0500000e+01
  -8.0000000e+01
  -7.9500000e+01
  -7.9000000e+01
  -7.8500000e+01
  -7.8000000e+01
  -7.7500000e+01
  -7.7000000e+01
  -7.6500000e+01
  -7.6000000e+01
  -7.5500000e+01
  -7.5000000e+01
  -7.4500000e+01
  -7.4000000e+01
  -7.3500000e+01
  -7.3000000e+01
  -7.2500000e+01
  -7.2000000e+01
  -7.1500000e+01
  -7.1000000e+01
  -7.0500000e+01
  -7.0000000e+01
  -6.9500000e+01
  -6.9000000e+01
  -6.8500000e+01
  -6.8000000e+01
  -6.7500000e+01
  -6.7000000e+01
  -6.6500000e+01
  -6.6000000e+01
  -6.5500000e+01
  -6.5000000e+01
